Platform Information: 

  CPU: Intel Pentium Gold G5500T (3.2G)
       HyperThread and HardwarePrefetch Disabled
  Mainboard: ASRock H370M-ITX/ac
  Memory: 2 * Corsair DDR4-2400 8G (1 rank, 16 banks)
  OS: Windows 7 x64 (7601)


Results of X86 version:

Real Time Clock Latency: 31
Cache miss: 229 (260 - 31)  Cache hit: 2 (33 - 31)
Instruction mul: 2 (33 - 31)
Instruction div: 20 (51 - 31)
Instruction float mul: 18 (49 - 31)
Instruction float div: 26 (57 - 31)
2 layer empty loops (8388608 * 1): 69519519 (69519550 - 31)
2 layer empty loops (4194304 * 2): 52962044 (52962075 - 31)
2 layer empty loops (2097152 * 4): 31470456 (31470487 - 31)
2 layer empty loops (1048576 * 8): 28094158 (28094189 - 31)
2 layer empty loops (524288 * 16): 33756467 (33756498 - 31)
2 layer empty loops (262144 * 32): 49987769 (49987800 - 31)
2 layer empty loops (131072 * 64): 42717397 (42717428 - 31)
2 layer empty loops (1M * 8): 28094677 (28094708 - 31)
2 layer empty loops (8 * 1M): 46667721 (46667752 - 31)
2 layer maccess loops (1M * 8): 207560819 (207560850 - 31)
2 layer maccess loops (8 * 1M): 251271881 (251271912 - 31)
3 layer empty loops (1M * 64 * 8): 492522159 (492522190 - 31)
3 layer empty loops (8 * 64 * 1M): 746476062 (746476093 - 31)
3 layer maccess loops (1M * 64 * 8): 1266664285 (1266664316 - 31)
3 layer maccess loops (8 * 64 * 1M): 4021486544 (4021486575 - 31)
round, BYTE, SHORT, LONG, LONGLONG
0, 250, 250, 260, 254
1, 31, 31, 31, 31
step, latency, clocks, rounds
8,       8.102295, 33187, 4096
16,      8.115723, 16621, 2048
32,      8.191406, 8388, 1024
64,      8.294922, 4247, 512
128,     19.898438, 5094, 256
256,     18.679688, 2391, 128
512,     19.671875, 1259, 64
cache line size: 64
step, latency, delta, rounds
1,       6.612305, 108336, 16384
2,       6.615356, 54193, 8192
4,       6.618408, 27109, 4096
8,       6.650879, 13621, 2048
16,      6.619141, 6778, 1024
32,      6.685547, 3423, 512
64,      6.578125, 1684, 256
128,     27.890625, 3570, 128
256,     31.484375, 2015, 64
512,     33.343750, 1067, 32
cache line size: 64

Measure cache hierarchy ...
1K,      3.857143, 54, 14
2K,      4.066667, 122, 30
4K,      3.564516, 221, 62
8K,      3.104839, 385, 124
16K,     3.148000, 787, 250
32K,     3.466000, 1733, 500
64K,     10.129741, 10150, 1002
128K,    10.148056, 20357, 2006
256K,    10.200797, 40946, 4014
512K,    34.159068, 274229, 8028
1024K,   34.190334, 548960, 16056
2048K,   34.194258, 1098046, 32112
4096K,   60.493507, 3885135, 64224
8192K,   149.981573, 19265133, 128450
16384K,  168.080580, 43179901, 256900
32768K,  172.219736, 88486845, 513802
65536K,  169.526374, 174205980, 1027604
step, latency, clocks, rounds
1K,      3.857143, 54, 16
2K,      4.066667, 122, 32
4K,      3.564516, 221, 64
8K,      3.055556, 385, 128
16K,     3.098425, 787, 256
32K,     3.398039, 1733, 512
64K,     9.931507, 10150, 1024
128K,    9.949658, 20357, 2048
256K,    10.001466, 40946, 4096
512K,    33.483394, 274229, 8192
1024K,   33.509950, 548960, 16384
2048K,   33.511750, 1098046, 32768
4096K,   59.284265, 3885135, 65536
8192K,   146.983543, 19265133, 131072
16384K,  164.719507, 43179901, 262144
32768K,  168.775907, 88486845, 524288
65536K,  166.136086, 174205980, 1048576

Measure L1 cache associative ways for window: 1024
step, latency, clocks, rounds
1,       4.188, 67, 16
2,       3.875, 124, 32
3,       3.625, 174, 48
4,       3.516, 225, 64
5,       3.175, 254, 80
6,       3.177, 305, 96
7,       3.205, 359, 112
8,       3.195, 409, 128
9,       3.125, 450, 144
10,      3.144, 503, 160
11,      3.176, 559, 176
12,      3.156, 606, 192
13,      3.154, 656, 208
14,      3.138, 703, 224
15,      3.121, 749, 240
16,      3.160, 809, 256
17,      3.107, 845, 272
18,      3.094, 891, 288
19,      3.138, 954, 304
20,      3.103, 993, 320
21,      3.054, 1026, 336
22,      3.097, 1090, 352
23,      3.092, 1138, 368
24,      3.109, 1194, 384
25,      3.115, 1246, 400
26,      3.096, 1288, 416
27,      3.229, 1395, 432
28,      3.085, 1382, 448
29,      3.205, 1487, 464
30,      3.233, 1552, 480
31,      3.321, 1647, 496
32,      3.355, 1718, 512
33,      5.133, 2710, 528
34,      6.844, 3723, 544
35,      7.754, 4342, 560
36,      7.080, 4078, 576
37,      7.841, 4642, 592
38,      8.635, 5250, 608
39,      9.290, 5797, 624
40,      10.023, 6415, 640
41,      10.000, 6560, 656
42,      9.988, 6712, 672
43,      10.004, 6883, 688
44,      9.947, 7003, 704
45,      10.019, 7214, 720
46,      9.989, 7352, 736
47,      10.033, 7545, 752
48,      9.995, 7676, 768
49,      10.027, 7861, 784
50,      9.980, 7984, 800
51,      10.034, 8188, 816
52,      9.987, 8309, 832
53,      10.021, 8498, 848
54,      10.014, 8652, 864
55,      10.001, 8801, 880
56,      10.017, 8975, 896
57,      10.084, 9197, 912
58,      10.004, 9284, 928
59,      10.020, 9459, 944
60,      9.971, 9572, 960
61,      10.009, 9769, 976
62,      9.994, 9914, 992
63,      10.035, 10115, 1008
64,      10.002, 10242, 1024

Measure L1 cache associative ways for window: 2048
step, latency, clocks, rounds
1,       3.125, 50, 16
2,       3.938, 126, 32
3,       3.563, 171, 48
4,       3.578, 229, 64
5,       3.050, 244, 80
6,       3.219, 309, 96
7,       3.188, 357, 112
8,       3.125, 400, 128
9,       3.153, 454, 144
10,      3.075, 492, 160
11,      3.131, 551, 176
12,      3.141, 603, 192
13,      3.111, 647, 208
14,      3.112, 697, 224
15,      3.275, 786, 240
16,      3.547, 908, 256
17,      7.000, 1904, 272
18,      7.188, 2070, 288
19,      8.697, 2644, 304
20,      9.881, 3162, 320
21,      9.896, 3325, 336
22,      10.003, 3521, 352
23,      9.954, 3663, 368
24,      9.927, 3812, 384
25,      9.943, 3977, 400
26,      9.954, 4141, 416
27,      10.012, 4325, 432
28,      9.971, 4467, 448
29,      9.950, 4617, 464
30,      10.044, 4821, 480
31,      10.038, 4979, 496
32,      9.967, 5103, 512
33,      9.968, 5263, 528
34,      10.031, 5457, 544
35,      10.027, 5615, 560
36,      9.970, 5743, 576
37,      9.956, 5894, 592
38,      10.049, 6110, 608
39,      10.014, 6249, 624
40,      10.064, 6441, 640
41,      9.965, 6537, 656
42,      10.010, 6727, 672
43,      9.999, 6879, 688
44,      9.973, 7021, 704
45,      10.000, 7200, 720
46,      10.014, 7370, 736
47,      10.001, 7521, 752
48,      9.966, 7654, 768
49,      10.004, 7843, 784
50,      10.123, 8098, 800
51,      9.988, 8150, 816
52,      10.008, 8327, 832
53,      10.117, 8579, 848
54,      9.973, 8617, 864
55,      9.991, 8792, 880
56,      10.001, 8961, 896
57,      10.114, 9224, 912
58,      10.029, 9307, 928
59,      10.018, 9457, 944
60,      9.989, 9589, 960
61,      9.982, 9742, 976
62,      10.043, 9963, 992
63,      10.174, 10255, 1008
64,      9.976, 10215, 1024

Measure L1 cache associative ways for window: 4096
step, latency, clocks, rounds
1,       3.625, 58, 16
2,       4.000, 128, 32
3,       3.708, 178, 48
4,       3.469, 222, 64
5,       3.025, 242, 80
6,       3.240, 311, 96
7,       3.250, 364, 112
8,       3.578, 458, 128
9,       9.618, 1385, 144
10,      9.956, 1593, 160
11,      10.011, 1762, 176
12,      10.005, 1921, 192
13,      9.894, 2058, 208
14,      9.996, 2239, 224
15,      9.988, 2397, 240
16,      10.000, 2560, 256
17,      9.996, 2719, 272
18,      10.038, 2891, 288
19,      9.984, 3035, 304
20,      10.031, 3210, 320
21,      9.926, 3335, 336
22,      9.991, 3517, 352
23,      10.038, 3694, 368
24,      10.023, 3849, 384
25,      10.035, 4014, 400
26,      10.036, 4175, 416
27,      10.025, 4331, 432
28,      10.031, 4494, 448
29,      10.024, 4651, 464
30,      10.025, 4812, 480
31,      9.974, 4947, 496
32,      10.021, 5131, 512
33,      10.034, 5298, 528
34,      10.031, 5457, 544
35,      10.012, 5607, 560
36,      10.014, 5768, 576
37,      10.020, 5932, 592
38,      10.033, 6100, 608
39,      10.048, 6270, 624
40,      10.034, 6422, 640
41,      10.015, 6570, 656
42,      10.012, 6728, 672
43,      10.004, 6883, 688
44,      10.007, 7045, 704
45,      10.003, 7202, 720
46,      9.993, 7355, 736
47,      9.976, 7502, 752
48,      9.988, 7671, 768
49,      9.996, 7837, 784
50,      10.454, 8363, 800
51,      10.004, 8163, 816
52,      10.016, 8333, 832
53,      9.994, 8475, 848
54,      10.031, 8667, 864
55,      10.015, 8813, 880
56,      10.025, 8982, 896
57,      10.016, 9135, 912
58,      10.420, 9670, 928
59,      10.435, 9851, 944
60,      10.366, 9951, 960
61,      10.421, 10171, 976
62,      10.431, 10348, 992
63,      10.438, 10522, 1008
64,      10.620, 10875, 1024

Measure L1 cache associative ways for window: 8192
step, latency, clocks, rounds
1,       3.250, 52, 16
2,       3.813, 122, 32
3,       3.708, 178, 48
4,       3.469, 222, 64
5,       3.087, 247, 80
6,       3.188, 306, 96
7,       3.161, 354, 112
8,       3.539, 453, 128
9,       9.840, 1417, 144
10,      9.975, 1596, 160
11,      9.983, 1757, 176
12,      10.021, 1924, 192
13,      10.000, 2080, 208
14,      10.022, 2245, 224
15,      10.012, 2403, 240
16,      9.988, 2557, 256
17,      10.007, 2722, 272
18,      10.010, 2883, 288
19,      9.970, 3031, 304
20,      10.025, 3208, 320
21,      9.985, 3355, 336
22,      9.986, 3515, 352
23,      9.924, 3652, 368
24,      10.000, 3840, 384
25,      10.053, 4021, 400
26,      9.964, 4145, 416
27,      9.970, 4307, 432
28,      10.049, 4502, 448
29,      10.024, 4651, 464
30,      10.035, 4817, 480
31,      10.010, 4965, 496
32,      9.990, 5115, 512
33,      13.144, 6940, 528
34,      16.180, 8802, 544
35,      19.227, 10767, 560
36,      22.188, 12780, 576
37,      24.721, 14635, 592
38,      27.161, 16514, 608
39,      29.639, 18495, 624
40,      31.886, 20407, 640
41,      33.253, 21814, 656
42,      34.470, 23164, 672
43,      35.145, 24180, 688
44,      36.118, 25427, 704
45,      37.044, 26672, 720
46,      38.493, 28331, 736
47,      39.384, 29617, 752
48,      40.914, 31422, 768
49,      40.561, 31800, 784
50,      41.181, 32945, 800
51,      41.652, 33988, 816
52,      42.153, 35071, 832
53,      42.188, 35775, 848
54,      42.465, 36690, 864
55,      42.703, 37579, 880
56,      43.069, 38590, 896
57,      43.132, 39336, 912
58,      43.089, 39987, 928
59,      43.088, 40675, 944
60,      43.120, 41395, 960
61,      43.096, 42062, 976
62,      43.129, 42784, 992
63,      43.087, 43432, 1008
64,      43.104, 44139, 1024

Measure L1 cache associative ways for window: 16384
step, latency, clocks, rounds
1,       3.375, 54, 16
2,       3.844, 123, 32
3,       3.708, 178, 48
4,       3.594, 230, 64
5,       3.087, 247, 80
6,       3.135, 301, 96
7,       3.000, 336, 112
8,       3.570, 457, 128
9,       10.007, 1441, 144
10,      9.994, 1599, 160
11,      10.057, 1770, 176
12,      10.021, 1924, 192
13,      10.014, 2083, 208
14,      10.022, 2245, 224
15,      9.950, 2388, 240
16,      10.000, 2560, 256
17,      16.169, 4398, 272
18,      22.153, 6380, 288
19,      26.970, 8199, 304
20,      31.078, 9945, 320
21,      33.902, 11391, 336
22,      34.997, 12319, 352
23,      37.685, 13868, 368
24,      39.727, 15255, 384
25,      40.358, 16143, 400
26,      41.192, 17136, 416
27,      42.421, 18326, 432
28,      43.100, 19309, 448
29,      43.127, 20011, 464
30,      43.246, 20758, 480
31,      43.171, 21413, 496
32,      43.094, 22064, 512
33,      43.150, 22783, 528
34,      43.132, 23464, 544
35,      43.243, 24216, 560
36,      43.120, 24837, 576
37,      43.029, 25473, 592
38,      43.120, 26217, 608
39,      43.103, 26896, 624
40,      43.142, 27611, 640
41,      43.157, 28311, 656
42,      43.016, 28907, 672
43,      43.125, 29670, 688
44,      43.114, 30352, 704
45,      43.100, 31032, 720
46,      43.181, 31781, 736
47,      43.137, 32439, 752
48,      43.163, 33149, 768
49,      43.099, 33790, 784
50,      43.146, 34517, 800
51,      43.156, 35215, 816
52,      43.127, 35882, 832
53,      43.112, 36559, 848
54,      43.059, 37203, 864
55,      43.101, 37929, 880
56,      43.121, 38636, 896
57,      43.137, 39341, 912
58,      43.128, 40023, 928
59,      43.093, 40680, 944
60,      43.160, 41434, 960
61,      43.143, 42108, 976
62,      43.174, 42829, 992
63,      43.102, 43447, 1008
64,      43.145, 44180, 1024

Measure L1 cache associative ways for window: 32768
step, latency, clocks, rounds
1,       2.750, 44, 16
2,       3.906, 125, 32
3,       3.688, 177, 48
4,       3.563, 228, 64
5,       3.362, 269, 80
6,       3.167, 304, 96
7,       3.250, 364, 112
8,       3.547, 454, 128
9,       12.396, 1785, 144
10,      31.581, 5053, 160
11,      35.813, 6303, 176
12,      39.219, 7530, 192
13,      42.067, 8750, 208
14,      43.219, 9681, 224
15,      43.013, 10323, 240
16,      43.059, 11023, 256
17,      43.081, 11718, 272
18,      43.087, 12409, 288
19,      43.003, 13073, 304
20,      43.125, 13800, 320
21,      43.188, 14511, 336
22,      43.097, 15170, 352
23,      43.092, 15858, 368
24,      43.193, 16586, 384
25,      43.090, 17236, 400
26,      43.082, 17922, 416
27,      43.197, 18661, 432
28,      43.223, 19364, 448
29,      43.129, 20012, 464
30,      43.048, 20663, 480
31,      43.113, 21384, 496
32,      43.084, 22059, 512
33,      42.367, 22370, 528
34,      41.669, 22668, 544
35,      41.052, 22989, 560
36,      40.460, 23305, 576
37,      39.910, 23627, 592
38,      39.322, 23908, 608
39,      38.931, 24293, 624
40,      38.288, 24504, 640
41,      39.402, 25848, 656
42,      40.449, 27182, 672
43,      41.186, 28336, 688
44,      42.003, 29570, 704
45,      42.533, 30624, 720
46,      43.215, 31806, 736
47,      43.215, 32498, 752
48,      43.091, 33094, 768
49,      43.131, 33815, 784
50,      43.215, 34572, 800
51,      43.158, 35217, 816
52,      43.123, 35878, 832
53,      43.119, 36565, 848
54,      43.104, 37242, 864
55,      43.174, 37993, 880
56,      43.185, 38694, 896
57,      43.083, 39292, 912
58,      43.169, 40061, 928
59,      43.172, 40754, 944
60,      43.200, 41472, 960
61,      43.207, 42170, 976
62,      43.237, 42891, 992
63,      43.230, 43576, 1008
64,      43.127, 44162, 1024

Measure L1 cache associative ways for window: 65536
step, latency, clocks, rounds
1,       3.125, 50, 16
2,       3.969, 127, 32
3,       3.583, 172, 48
4,       3.453, 221, 64
5,       11.813, 945, 80
6,       12.052, 1157, 96
7,       12.134, 1359, 112
8,       13.969, 1788, 128
9,       42.806, 6164, 144
10,      42.781, 6845, 160
11,      42.858, 7543, 176
12,      42.599, 8179, 192
13,      42.832, 8909, 208
14,      43.116, 9658, 224
15,      42.904, 10297, 240
16,      42.875, 10976, 256
17,      41.544, 11300, 272
18,      40.292, 11604, 288
19,      39.095, 11885, 304
20,      38.241, 12237, 320
21,      40.116, 13479, 336
22,      42.037, 14797, 352
23,      42.997, 15823, 368
24,      43.049, 16531, 384
25,      43.047, 17219, 400
26,      43.034, 17902, 416
27,      43.067, 18605, 432
28,      43.029, 19277, 448
29,      43.058, 19979, 464
30,      43.138, 20706, 480
31,      43.052, 21354, 496
32,      43.010, 22021, 512
33,      42.322, 22346, 528
34,      41.664, 22665, 544
35,      41.009, 22965, 560
36,      40.436, 23291, 576
37,      41.600, 24627, 592
38,      42.816, 26032, 608
39,      43.005, 26835, 624
40,      43.038, 27544, 640
41,      43.024, 28224, 656
42,      43.076, 28947, 672
43,      43.078, 29638, 688
44,      43.054, 30310, 704
45,      43.107, 31037, 720
46,      43.094, 31717, 736
47,      43.059, 32380, 752
48,      43.074, 33081, 768
49,      42.615, 33410, 784
50,      42.094, 33675, 800
51,      41.670, 34003, 816
52,      41.255, 34324, 832
53,      41.945, 35569, 848
54,      42.758, 36943, 864
55,      43.009, 37848, 880
56,      43.065, 38586, 896
57,      43.116, 39322, 912
58,      43.225, 40113, 928
59,      43.125, 40710, 944
60,      43.152, 41426, 960
61,      43.156, 42120, 976
62,      43.142, 42797, 992
63,      43.175, 43520, 1008
64,      43.143, 44178, 1024

Measure L1 cache associative ways for window: 131072
step, latency, clocks, rounds
1,       3.313, 53, 16
2,       3.688, 118, 32
3,       3.479, 167, 48
4,       3.625, 232, 64
5,       11.912, 953, 80
6,       12.115, 1163, 96
7,       12.080, 1353, 112
8,       14.023, 1795, 128
9,       40.181, 5786, 144
10,      38.206, 6113, 160
11,      36.426, 6411, 176
12,      34.990, 6718, 192
13,      38.688, 8047, 208
14,      41.513, 9299, 224
15,      42.913, 10299, 240
16,      43.129, 11041, 256
17,      41.651, 11329, 272
18,      40.483, 11659, 288
19,      39.490, 12005, 304
20,      38.350, 12272, 320
21,      39.774, 13364, 336
22,      42.398, 14924, 352
23,      44.769, 16475, 368
24,      44.935, 17255, 384
25,      43.955, 17582, 400
26,      42.947, 17866, 416
27,      42.081, 18179, 432
28,      41.205, 18460, 448
29,      42.683, 19805, 464
30,      44.300, 21264, 480
31,      44.829, 22235, 496
32,      44.795, 22935, 512
33,      44.038, 23252, 528
34,      43.279, 23544, 544
35,      42.600, 23856, 560
36,      42.000, 24192, 576
37,      43.250, 25604, 592
38,      42.707, 25966, 608
39,      43.127, 26911, 624
40,      43.134, 27606, 640
41,      42.674, 27994, 656
42,      42.124, 28307, 672
43,      41.526, 28570, 688
44,      40.942, 28823, 704
45,      41.717, 30036, 720
46,      42.909, 31581, 736
47,      43.305, 32565, 752
48,      43.279, 33238, 768
49,      42.773, 33534, 784
50,      42.248, 33798, 800
51,      41.805, 34113, 816
52,      41.340, 34395, 832
53,      42.261, 35837, 848
54,      42.645, 36845, 864
55,      43.255, 38064, 880
56,      43.328, 38822, 896
57,      42.787, 39022, 912
58,      42.397, 39344, 928
59,      42.007, 39655, 944
60,      41.638, 39972, 960
61,      42.299, 41284, 976
62,      43.106, 42761, 992
63,      43.311, 43657, 1008
64,      43.234, 44272, 1024

Measure L1 cache associative ways for window: 262144
step, latency, clocks, rounds
1,       3.438, 55, 16
2,       3.594, 115, 32
3,       3.438, 165, 48
4,       3.469, 222, 64
5,       11.988, 959, 80
6,       12.115, 1163, 96
7,       12.089, 1354, 112
8,       12.539, 1605, 128
9,       18.903, 2722, 144
10,      18.931, 3029, 160
11,      18.955, 3336, 176
12,      18.953, 3639, 192
13,      18.928, 3937, 208
14,      18.991, 4254, 224
15,      18.925, 4542, 240
16,      18.922, 4844, 256
17,      18.908, 5143, 272
18,      18.948, 5457, 288
19,      18.954, 5762, 304
20,      18.962, 6068, 320
21,      18.961, 6371, 336
22,      18.972, 6678, 352
23,      18.989, 6988, 368
24,      18.935, 7271, 384
25,      18.977, 7591, 400
26,      18.998, 7903, 416
27,      18.981, 8200, 432
28,      18.955, 8492, 448
29,      18.996, 8814, 464
30,      18.990, 9115, 480
31,      18.913, 9381, 496
32,      18.984, 9720, 512
33,      20.742, 10952, 528
34,      22.586, 12287, 544
35,      23.855, 13359, 560
36,      24.318, 14007, 576
37,      24.208, 14331, 592
38,      24.081, 14641, 608
39,      23.931, 14933, 624
40,      23.803, 15234, 640
41,      25.284, 16586, 656
42,      26.391, 17735, 672
43,      27.381, 18838, 688
44,      27.787, 19562, 704
45,      27.567, 19848, 720
46,      27.378, 20150, 736
47,      27.213, 20464, 752
48,      27.003, 20738, 768
49,      28.180, 22093, 784
50,      28.995, 23196, 800
51,      29.864, 24369, 816
52,      30.124, 25063, 832
53,      29.914, 25367, 848
54,      29.707, 25667, 864
55,      29.485, 25947, 880
56,      29.356, 26303, 896
57,      30.268, 27604, 912
58,      30.927, 28700, 928
59,      31.631, 29860, 944
60,      31.879, 30604, 960
61,      31.596, 30838, 976
62,      31.380, 31129, 992
63,      31.234, 31484, 1008
64,      30.993, 31737, 1024

Measure L1 cache associative ways for window: 524288
step, latency, clocks, rounds
1,       3.125, 50, 16
2,       4.000, 128, 32
3,       3.688, 177, 48
4,       3.688, 236, 64
5,       11.975, 958, 80
6,       12.073, 1159, 96
7,       12.125, 1358, 112
8,       12.547, 1606, 128
9,       18.757, 2701, 144
10,      18.881, 3021, 160
11,      18.903, 3327, 176
12,      18.943, 3637, 192
13,      18.889, 3929, 208
14,      18.893, 4232, 224
15,      18.925, 4542, 240
16,      18.953, 4852, 256
17,      18.949, 5154, 272
18,      18.927, 5451, 288
19,      18.928, 5754, 304
20,      18.975, 6072, 320
21,      18.935, 6362, 336
22,      18.906, 6655, 352
23,      18.992, 6989, 368
24,      18.943, 7274, 384
25,      18.983, 7593, 400
26,      18.986, 7898, 416
27,      19.072, 8239, 432
28,      19.011, 8517, 448
29,      18.996, 8814, 464
30,      18.981, 9111, 480
31,      18.982, 9415, 496
32,      18.992, 9724, 512
33,      18.970, 10016, 528
34,      18.978, 10324, 544
35,      18.936, 10604, 560
36,      18.983, 10934, 576
37,      18.985, 11239, 592
38,      18.982, 11541, 608
39,      18.905, 11797, 624
40,      18.970, 12141, 640
41,      18.983, 12453, 656
42,      18.984, 12757, 672
43,      18.959, 13044, 688
44,      18.936, 13331, 704
45,      18.969, 13658, 720
46,      18.966, 13959, 736
47,      19.000, 14288, 752
48,      18.966, 14566, 768
49,      19.000, 14896, 784
50,      19.016, 15213, 800
51,      18.977, 15485, 816
52,      18.989, 15799, 832
53,      19.000, 16112, 848
54,      18.958, 16380, 864
55,      18.980, 16702, 880
56,      19.004, 17028, 896
57,      18.967, 17298, 912
58,      18.984, 17617, 928
59,      18.982, 17919, 944
60,      18.995, 18235, 960
61,      18.992, 18536, 976
62,      19.018, 18866, 992
63,      19.022, 19174, 1008
64,      19.008, 19464, 1024

Measure L1 cache associative ways for window: 1048576
step, latency, clocks, rounds
1,       3.375, 54, 16
2,       4.094, 131, 32
3,       3.667, 176, 48
4,       3.422, 219, 64
5,       12.025, 962, 80
6,       12.031, 1155, 96
7,       12.071, 1352, 112
8,       12.516, 1602, 128
9,       18.917, 2724, 144
10,      18.906, 3025, 160
11,      18.926, 3331, 176
12,      18.891, 3627, 192
13,      18.885, 3928, 208
14,      18.911, 4236, 224
15,      18.925, 4542, 240
16,      18.902, 4839, 256
17,      18.945, 5153, 272
18,      18.955, 5459, 288
19,      18.924, 5753, 304
20,      18.944, 6062, 320
21,      18.961, 6371, 336
22,      18.940, 6667, 352
23,      18.981, 6985, 368
24,      18.984, 7290, 384
25,      18.970, 7588, 400
26,      18.954, 7885, 416
27,      18.991, 8204, 432
28,      18.960, 8494, 448
29,      18.989, 8811, 464
30,      19.002, 9121, 480
31,      18.958, 9403, 496
32,      18.988, 9722, 512
33,      18.981, 10022, 528
34,      18.980, 10325, 544
35,      18.979, 10628, 560
36,      18.979, 10932, 576
37,      18.971, 11231, 592
38,      18.942, 11517, 608
39,      19.003, 11858, 624
40,      18.955, 12131, 640
41,      18.976, 12448, 656
42,      18.988, 12760, 672
43,      18.971, 13052, 688
44,      18.982, 13363, 704
45,      18.975, 13662, 720
46,      19.003, 13986, 736
47,      18.953, 14253, 752
48,      19.010, 14600, 768
49,      19.015, 14908, 784
50,      18.960, 15168, 800
51,      19.001, 15505, 816
52,      18.968, 15781, 832
53,      19.017, 16126, 848
54,      18.993, 16410, 864
55,      18.981, 16703, 880
56,      18.975, 17002, 896
57,      18.968, 17299, 912
58,      18.997, 17629, 928
59,      18.996, 17932, 944
60,      19.066, 18303, 960
61,      18.973, 18518, 976
62,      18.979, 18827, 992
63,      19.015, 19167, 1008
64,      19.001, 19457, 1024

Measure L1 cache associative ways for window: 2097152
step, latency, clocks, rounds
1,       3.375, 54, 16
2,       3.875, 124, 32
3,       3.625, 174, 48
4,       3.469, 222, 64
5,       11.688, 935, 80
6,       12.094, 1161, 96
7,       12.063, 1351, 112
8,       12.430, 1591, 128
9,       18.924, 2725, 144
10,      18.975, 3036, 160
11,      18.898, 3326, 176
12,      18.927, 3634, 192
13,      18.813, 3913, 208
14,      18.955, 4246, 224
15,      18.967, 4552, 240
16,      18.957, 4853, 256
17,      18.945, 5153, 272
18,      18.983, 5467, 288
19,      19.000, 5776, 304
20,      18.975, 6072, 320
21,      18.946, 6366, 336
22,      18.972, 6678, 352
23,      18.981, 6985, 368
24,      19.013, 7301, 384
25,      19.003, 7601, 400
26,      18.954, 7885, 416
27,      18.984, 8201, 432
28,      18.951, 8490, 448
29,      18.987, 8810, 464
30,      19.000, 9120, 480
31,      18.986, 9417, 496
32,      18.986, 9721, 512
33,      18.968, 10015, 528
34,      18.983, 10327, 544
35,      18.971, 10624, 560
36,      18.991, 10939, 576
37,      18.971, 11231, 592
38,      18.985, 11543, 608
39,      18.976, 11841, 624
40,      18.970, 12141, 640
41,      18.944, 12427, 656
42,      19.004, 12771, 672
43,      19.007, 13077, 688
44,      18.982, 13363, 704
45,      19.008, 13686, 720
46,      19.000, 13984, 736
47,      18.976, 14270, 752
48,      19.004, 14595, 768
49,      18.967, 14870, 784
50,      18.997, 15198, 800
51,      18.988, 15494, 816
52,      18.965, 15779, 832
53,      18.992, 16105, 848
54,      18.990, 16407, 864
55,      18.977, 16700, 880
56,      18.984, 17010, 896
57,      18.977, 17307, 912
58,      18.987, 17620, 928
59,      18.972, 17910, 944
60,      19.007, 18247, 960
61,      18.964, 18509, 976
62,      18.988, 18836, 992
63,      18.984, 19136, 1008
64,      19.008, 19464, 1024

Measure L1 cache associative ways for window: 4194304
step, latency, clocks, rounds
1,       3.250, 52, 16
2,       4.063, 130, 32
3,       3.750, 180, 48
4,       3.594, 230, 64
5,       11.887, 951, 80
6,       12.031, 1155, 96
7,       12.089, 1354, 112
8,       12.500, 1600, 128
9,       18.806, 2708, 144
10,      18.800, 3008, 160
11,      18.733, 3297, 176
12,      18.766, 3603, 192
13,      18.827, 3916, 208
14,      18.875, 4228, 224
15,      18.837, 4521, 240
16,      18.852, 4826, 256
17,      18.846, 5126, 272
18,      18.816, 5419, 288
19,      18.862, 5734, 304
20,      18.881, 6042, 320
21,      18.857, 6336, 336
22,      18.872, 6643, 352
23,      18.856, 6939, 368
24,      18.909, 7261, 384
25,      18.890, 7556, 400
26,      18.877, 7853, 416
27,      18.891, 8161, 432
28,      18.882, 8459, 448
29,      18.901, 8770, 464
30,      18.902, 9073, 480
31,      18.893, 9371, 496
32,      18.891, 9672, 512

Measure L1 cache associative ways for window: 8388608
step, latency, clocks, rounds
1,       3.313, 53, 16
2,       3.906, 125, 32
3,       3.688, 177, 48
4,       3.484, 223, 64
5,       11.950, 956, 80
6,       12.031, 1155, 96
7,       12.071, 1352, 112
8,       12.516, 1602, 128
9,       18.854, 2715, 144
10,      18.956, 3033, 160
11,      18.909, 3328, 176
12,      18.901, 3629, 192
13,      18.923, 3936, 208
14,      18.982, 4252, 224
15,      18.908, 4538, 240
16,      18.930, 4846, 256
ways, 1K, 2K, 4K, 8K, 16K, 32K, 64K, 128K, 256K, 512K, 1M, 2M, 4M, 8M
1, 4.188, 3.125, 3.625, 3.250, 3.375, 2.750, 3.125, 3.313, 3.438, 3.125, 3.375, 3.375, 3.250, 3.313
2, 3.875, 3.938, 4.000, 3.813, 3.844, 3.906, 3.969, 3.688, 3.594, 4.000, 4.094, 3.875, 4.063, 3.906
3, 3.625, 3.563, 3.708, 3.708, 3.708, 3.688, 3.583, 3.479, 3.438, 3.688, 3.667, 3.625, 3.750, 3.688
4, 3.516, 3.578, 3.469, 3.469, 3.594, 3.563, 3.453, 3.625, 3.469, 3.688, 3.422, 3.469, 3.594, 3.484
5, 3.175, 3.050, 3.025, 3.087, 3.087, 3.362, 11.813, 11.912, 11.988, 11.975, 12.025, 11.688, 11.887, 11.950
6, 3.177, 3.219, 3.240, 3.188, 3.135, 3.167, 12.052, 12.115, 12.115, 12.073, 12.031, 12.094, 12.031, 12.031
7, 3.205, 3.188, 3.250, 3.161, 3.000, 3.250, 12.134, 12.080, 12.089, 12.125, 12.071, 12.063, 12.089, 12.071
8, 3.195, 3.125, 3.578, 3.539, 3.570, 3.547, 13.969, 14.023, 12.539, 12.547, 12.516, 12.430, 12.500, 12.516
9, 3.125, 3.153, 9.618, 9.840, 10.007, 12.396, 42.806, 40.181, 18.903, 18.757, 18.917, 18.924, 18.806, 18.854
10, 3.144, 3.075, 9.956, 9.975, 9.994, 31.581, 42.781, 38.206, 18.931, 18.881, 18.906, 18.975, 18.800, 18.956
11, 3.176, 3.131, 10.011, 9.983, 10.057, 35.813, 42.858, 36.426, 18.955, 18.903, 18.926, 18.898, 18.733, 18.909
12, 3.156, 3.141, 10.005, 10.021, 10.021, 39.219, 42.599, 34.990, 18.953, 18.943, 18.891, 18.927, 18.766, 18.901
13, 3.154, 3.111, 9.894, 10.000, 10.014, 42.067, 42.832, 38.688, 18.928, 18.889, 18.885, 18.813, 18.827, 18.923
14, 3.138, 3.112, 9.996, 10.022, 10.022, 43.219, 43.116, 41.513, 18.991, 18.893, 18.911, 18.955, 18.875, 18.982
15, 3.121, 3.275, 9.988, 10.012, 9.950, 43.013, 42.904, 42.913, 18.925, 18.925, 18.925, 18.967, 18.837, 18.908
16, 3.160, 3.547, 10.000, 9.988, 10.000, 43.059, 42.875, 43.129, 18.922, 18.953, 18.902, 18.957, 18.852, 18.930
17, 3.107, 7.000, 9.996, 10.007, 16.169, 43.081, 41.544, 41.651, 18.908, 18.949, 18.945, 18.945, 18.846
18, 3.094, 7.188, 10.038, 10.010, 22.153, 43.087, 40.292, 40.483, 18.948, 18.927, 18.955, 18.983, 18.816
19, 3.138, 8.697, 9.984, 9.970, 26.970, 43.003, 39.095, 39.490, 18.954, 18.928, 18.924, 19.000, 18.862
20, 3.103, 9.881, 10.031, 10.025, 31.078, 43.125, 38.241, 38.350, 18.962, 18.975, 18.944, 18.975, 18.881
21, 3.054, 9.896, 9.926, 9.985, 33.902, 43.188, 40.116, 39.774, 18.961, 18.935, 18.961, 18.946, 18.857
22, 3.097, 10.003, 9.991, 9.986, 34.997, 43.097, 42.037, 42.398, 18.972, 18.906, 18.940, 18.972, 18.872
23, 3.092, 9.954, 10.038, 9.924, 37.685, 43.092, 42.997, 44.769, 18.989, 18.992, 18.981, 18.981, 18.856
24, 3.109, 9.927, 10.023, 10.000, 39.727, 43.193, 43.049, 44.935, 18.935, 18.943, 18.984, 19.013, 18.909
25, 3.115, 9.943, 10.035, 10.053, 40.358, 43.090, 43.047, 43.955, 18.977, 18.983, 18.970, 19.003, 18.890
26, 3.096, 9.954, 10.036, 9.964, 41.192, 43.082, 43.034, 42.947, 18.998, 18.986, 18.954, 18.954, 18.877
27, 3.229, 10.012, 10.025, 9.970, 42.421, 43.197, 43.067, 42.081, 18.981, 19.072, 18.991, 18.984, 18.891
28, 3.085, 9.971, 10.031, 10.049, 43.100, 43.223, 43.029, 41.205, 18.955, 19.011, 18.960, 18.951, 18.882
29, 3.205, 9.950, 10.024, 10.024, 43.127, 43.129, 43.058, 42.683, 18.996, 18.996, 18.989, 18.987, 18.901
30, 3.233, 10.044, 10.025, 10.035, 43.246, 43.048, 43.138, 44.300, 18.990, 18.981, 19.002, 19.000, 18.902
31, 3.321, 10.038, 9.974, 10.010, 43.171, 43.113, 43.052, 44.829, 18.913, 18.982, 18.958, 18.986, 18.893
32, 3.355, 9.967, 10.021, 9.990, 43.094, 43.084, 43.010, 44.795, 18.984, 18.992, 18.988, 18.986, 18.891
33, 5.133, 9.968, 10.034, 13.144, 43.150, 42.367, 42.322, 44.038, 20.742, 18.970, 18.981, 18.968
34, 6.844, 10.031, 10.031, 16.180, 43.132, 41.669, 41.664, 43.279, 22.586, 18.978, 18.980, 18.983
35, 7.754, 10.027, 10.012, 19.227, 43.243, 41.052, 41.009, 42.600, 23.855, 18.936, 18.979, 18.971
36, 7.080, 9.970, 10.014, 22.188, 43.120, 40.460, 40.436, 42.000, 24.318, 18.983, 18.979, 18.991
37, 7.841, 9.956, 10.020, 24.721, 43.029, 39.910, 41.600, 43.250, 24.208, 18.985, 18.971, 18.971
38, 8.635, 10.049, 10.033, 27.161, 43.120, 39.322, 42.816, 42.707, 24.081, 18.982, 18.942, 18.985
39, 9.290, 10.014, 10.048, 29.639, 43.103, 38.931, 43.005, 43.127, 23.931, 18.905, 19.003, 18.976
40, 10.023, 10.064, 10.034, 31.886, 43.142, 38.288, 43.038, 43.134, 23.803, 18.970, 18.955, 18.970
41, 10.000, 9.965, 10.015, 33.253, 43.157, 39.402, 43.024, 42.674, 25.284, 18.983, 18.976, 18.944
42, 9.988, 10.010, 10.012, 34.470, 43.016, 40.449, 43.076, 42.124, 26.391, 18.984, 18.988, 19.004
43, 10.004, 9.999, 10.004, 35.145, 43.125, 41.186, 43.078, 41.526, 27.381, 18.959, 18.971, 19.007
44, 9.947, 9.973, 10.007, 36.118, 43.114, 42.003, 43.054, 40.942, 27.787, 18.936, 18.982, 18.982
45, 10.019, 10.000, 10.003, 37.044, 43.100, 42.533, 43.107, 41.717, 27.567, 18.969, 18.975, 19.008
46, 9.989, 10.014, 9.993, 38.493, 43.181, 43.215, 43.094, 42.909, 27.378, 18.966, 19.003, 19.000
47, 10.033, 10.001, 9.976, 39.384, 43.137, 43.215, 43.059, 43.305, 27.213, 19.000, 18.953, 18.976
48, 9.995, 9.966, 9.988, 40.914, 43.163, 43.091, 43.074, 43.279, 27.003, 18.966, 19.010, 19.004
49, 10.027, 10.004, 9.996, 40.561, 43.099, 43.131, 42.615, 42.773, 28.180, 19.000, 19.015, 18.967
50, 9.980, 10.123, 10.454, 41.181, 43.146, 43.215, 42.094, 42.248, 28.995, 19.016, 18.960, 18.997
51, 10.034, 9.988, 10.004, 41.652, 43.156, 43.158, 41.670, 41.805, 29.864, 18.977, 19.001, 18.988
52, 9.987, 10.008, 10.016, 42.153, 43.127, 43.123, 41.255, 41.340, 30.124, 18.989, 18.968, 18.965
53, 10.021, 10.117, 9.994, 42.188, 43.112, 43.119, 41.945, 42.261, 29.914, 19.000, 19.017, 18.992
54, 10.014, 9.973, 10.031, 42.465, 43.059, 43.104, 42.758, 42.645, 29.707, 18.958, 18.993, 18.990
55, 10.001, 9.991, 10.015, 42.703, 43.101, 43.174, 43.009, 43.255, 29.485, 18.980, 18.981, 18.977
56, 10.017, 10.001, 10.025, 43.069, 43.121, 43.185, 43.065, 43.328, 29.356, 19.004, 18.975, 18.984
57, 10.084, 10.114, 10.016, 43.132, 43.137, 43.083, 43.116, 42.787, 30.268, 18.967, 18.968, 18.977
58, 10.004, 10.029, 10.420, 43.089, 43.128, 43.169, 43.225, 42.397, 30.927, 18.984, 18.997, 18.987
59, 10.020, 10.018, 10.435, 43.088, 43.093, 43.172, 43.125, 42.007, 31.631, 18.982, 18.996, 18.972
60, 9.971, 9.989, 10.366, 43.120, 43.160, 43.200, 43.152, 41.638, 31.879, 18.995, 19.066, 19.007
61, 10.009, 9.982, 10.421, 43.096, 43.143, 43.207, 43.156, 42.299, 31.596, 18.992, 18.973, 18.964
62, 9.994, 10.043, 10.431, 43.129, 43.174, 43.237, 43.142, 43.106, 31.380, 19.018, 18.979, 18.988
63, 10.035, 10.174, 10.438, 43.087, 43.102, 43.230, 43.175, 43.311, 31.234, 19.022, 19.015, 18.984
64, 10.002, 9.976, 10.620, 43.104, 43.145, 43.127, 43.143, 43.234, 30.993, 19.008, 19.001, 19.008

Branch prediction penality: 0 -> 64:
 44, 44, 34, 36, 34, 36, 33, 36, 34, 33, 34, 36, 34, 36, 33, 36, 44, 43, 46, 34, 31, 34, 34, 34, 34, 33, 36, 36, 33, 34, 36, 36, 48, 46, 43,
 34, 34, 34, 34, 31, 34, 34, 34, 34, 35, 34, 34, 35, 48, 46, 33, 34, 34, 34, 34, 35, 36, 34, 37, 38, 31, 34, 34, 33, 34,

Branch prediction penality: 16 -> 80:
 48, 46, 34, 36, 33, 34, 34, 33, 38, 36, 36, 38, 33, 36, 36, 35, 52, 48, 38, 36, 36, 37, 36, 36, 37, 38, 36, 33, 36, 36, 36, 36, 45, 35, 41,
 36, 44, 35, 38, 34, 36, 36, 33, 36, 36, 35, 38, 34, 44, 38, 33, 44, 36, 35, 38, 36, 37, 38, 36, 36, 38, 33, 36, 36, 43,

Branch prediction penality: 0 -> 64:
 45, 41, 34, 34, 31, 34, 34, 34, 34, 35, 36, 34, 34, 34, 35, 34, 46, 47, 46, 36, 31, 34, 34, 34, 34, 35, 36, 36, 37, 36, 36, 36, 48, 46, 45,
 34, 34, 34, 38, 31, 36, 34, 35, 34, 37, 34, 36, 35, 50, 48, 45, 34, 34, 33, 34, 35, 34, 44, 31, 36, 36, 33, 34, 36, 47,

Branch prediction penality: 16 -> 80:
 46, 46, 33, 35, 38, 36, 34, 36, 37, 38, 36, 37, 38, 33, 36, 36, 47, 45, 34, 36, 36, 36, 36, 38, 33, 36, 36, 33, 36, 36, 39, 38, 41, 41, 37,
 38, 36, 36, 38, 33, 36, 36, 37, 38, 36, 36, 38, 33, 44, 44, 45, 36, 36, 35, 36, 36, 33, 44, 36, 36, 36, 35, 36, 36, 41,
Branch prediction penality measurement ...
only sum:            147667634
ordered: cmp + sum:  152863908
random:  cmp + sum:  190053632
zigzag 1:cmp + sum:  154251777
zigzag 2:cmp + sum:  151509172
zigzag 3:cmp + sum:  151483926
zigzag 4:cmp + sum:  149011021


Results of X64 version:

Real Time Clock Latency: 33
Cache miss: 235 (268 - 33)  Cache hit: 2 (35 - 33)
Instruction mul: 2 (35 - 33)
Instruction div: 22 (55 - 33)
Instruction float mul: 2 (35 - 33)
Instruction float div: 4 (37 - 33)
2 layer empty loops (8388608 * 1): 53151901 (53151934 - 33)
2 layer empty loops (4194304 * 2): 53968808 (53968841 - 33)
2 layer empty loops (2097152 * 4): 33569270 (33569303 - 33)
2 layer empty loops (1048576 * 8): 28094460 (28094493 - 33)
2 layer empty loops (524288 * 16): 33755926 (33755959 - 33)
2 layer empty loops (262144 * 32): 49131720 (49131753 - 33)
2 layer empty loops (131072 * 64): 46184151 (46184184 - 33)
2 layer empty loops (1M * 8): 28095195 (28095228 - 33)
2 layer empty loops (8 * 1M): 46653015 (46653048 - 33)
2 layer maccess loops (1M * 8): 144806024 (144806057 - 33)
2 layer maccess loops (8 * 1M): 196084265 (196084298 - 33)
3 layer empty loops (1M * 64 * 8): 489461827 (489461860 - 33)
3 layer empty loops (8 * 64 * 1M): 746508014 (746508047 - 33)
3 layer maccess loops (1M * 64 * 8): 1078463806 (1078463839 - 33)
3 layer maccess loops (8 * 64 * 1M): 3158711657 (3158711690 - 33)
round, BYTE, SHORT, LONG, LONGLONG
0, 250, 258, 264, 248
1, 33, 35, 35, 35
step, latency, clocks, rounds
16,      8.121094, 16632, 2048
32,      8.223633, 8421, 1024
64,      8.337891, 4269, 512
128,     11.199219, 2867, 256
256,     11.117188, 1423, 128
512,     11.359375, 727, 64
step, latency, delta, rounds
1,       8.255371, 135256, 16384
2,       8.253906, 67616, 8192
4,       8.240967, 33755, 4096
8,       8.242676, 16881, 2048
16,      8.247070, 8445, 1024
32,      8.261719, 4230, 512
64,      8.292969, 2123, 256
128,     30.687500, 3928, 128
256,     33.046875, 2115, 64
512,     36.750000, 1176, 32
cache line size: 64

Measure cache hierarchy ...
1K,      1.000000, 14, 14
2K,      1.066667, 32, 30
4K,      1.016129, 63, 62
8K,      0.991935, 123, 124
16K,     0.996000, 249, 250
32K,     0.998000, 499, 500
64K,     6.850299, 6864, 1002
128K,    6.863410, 13768, 2006
256K,    6.910314, 27738, 4014
512K,    31.069258, 249424, 8028
1024K,   31.070815, 498873, 16056
2048K,   31.224278, 1002674, 32112
4096K,   52.790110, 3390392, 64224
8192K,   135.879463, 17453717, 128450
16384K,  160.062888, 41120156, 256900
32768K,  168.626683, 86640727, 513802
65536K,  168.711741, 173368860, 1027604
step, latency, clocks, rounds
1K,      1.000000, 14, 16
2K,      1.066667, 32, 32
4K,      1.016129, 63, 64
8K,      0.976190, 123, 128
16K,     0.980315, 249, 256
32K,     0.978431, 499, 512
64K,     6.716243, 6864, 1024
128K,    6.729228, 13768, 2048
256K,    6.775281, 27738, 4096
512K,    30.454701, 249424, 8192
1024K,   30.452509, 498873, 16384
2048K,   30.601050, 1002674, 32768
4096K,   51.734855, 3390392, 65536
8192K,   133.163325, 17453717, 131072
16384K,  156.862143, 41120156, 262144
32768K,  165.254703, 86640727, 524288
65536K,  165.337744, 173368860, 1048576

Measure L1 cache associative ways for window: 1024
step, latency, clocks, rounds
1,       4.000, 64, 16
2,       4.094, 131, 32
3,       3.896, 187, 48
4,       3.750, 240, 64
5,       3.200, 256, 80
6,       3.396, 326, 96
7,       3.429, 384, 112
8,       3.383, 433, 128
9,       3.333, 480, 144
10,      3.306, 529, 160
11,      3.364, 592, 176
12,      3.302, 634, 192
13,      3.341, 695, 208
14,      3.313, 742, 224
15,      3.333, 800, 240
16,      3.355, 859, 256
17,      3.482, 947, 272
18,      3.500, 1008, 288
19,      3.480, 1058, 304
20,      3.469, 1110, 320
21,      3.417, 1148, 336
22,      3.429, 1207, 352
23,      3.465, 1275, 368
24,      3.477, 1335, 384
25,      3.458, 1383, 400
26,      3.587, 1492, 416
27,      3.454, 1492, 432
28,      3.545, 1588, 448
29,      3.573, 1658, 464
30,      3.673, 1763, 480
31,      3.635, 1803, 496
32,      3.750, 1920, 512
33,      5.415, 2859, 528
34,      7.138, 3883, 544
35,      8.875, 4970, 560
36,      10.429, 6007, 576
37,      10.400, 6157, 592
38,      10.431, 6342, 608
39,      10.447, 6519, 624
40,      10.441, 6682, 640
41,      10.433, 6844, 656
42,      10.449, 7022, 672
43,      10.427, 7174, 688
44,      10.409, 7328, 704
45,      10.474, 7541, 720
46,      9.936, 7313, 736
47,      9.934, 7470, 752
48,      9.935, 7630, 768
49,      9.958, 7807, 784
50,      9.922, 7938, 800
51,      9.925, 8099, 816
52,      9.946, 8275, 832
53,      9.941, 8430, 848
54,      9.946, 8593, 864
55,      9.943, 8750, 880
56,      9.983, 8945, 896
57,      9.931, 9057, 912
58,      9.928, 9213, 928
59,      9.941, 9384, 944
60,      9.933, 9536, 960
61,      9.940, 9701, 976
62,      9.955, 9875, 992
63,      9.942, 10022, 1008
64,      9.952, 10191, 1024

Measure L1 cache associative ways for window: 2048
step, latency, clocks, rounds
1,       3.250, 52, 16
2,       3.625, 116, 32
3,       3.417, 164, 48
4,       3.391, 217, 64
5,       2.962, 237, 80
6,       3.146, 302, 96
7,       3.080, 345, 112
8,       3.094, 396, 128
9,       3.063, 441, 144
10,      3.100, 496, 160
11,      3.119, 549, 176
12,      3.089, 593, 192
13,      3.274, 681, 208
14,      3.250, 728, 224
15,      3.462, 831, 240
16,      3.492, 894, 256
17,      6.721, 1828, 272
18,      9.854, 2838, 288
19,      9.816, 2984, 304
20,      9.887, 3164, 320
21,      9.905, 3328, 336
22,      9.912, 3489, 352
23,      9.905, 3645, 368
24,      9.911, 3806, 384
25,      9.932, 3973, 400
26,      9.918, 4126, 416
27,      9.921, 4286, 432
28,      9.915, 4442, 448
29,      9.922, 4604, 464
30,      9.942, 4772, 480
31,      9.925, 4923, 496
32,      9.939, 5089, 512
33,      9.934, 5245, 528
34,      9.941, 5408, 544
35,      9.954, 5574, 560
36,      9.953, 5733, 576
37,      9.970, 5902, 592
38,      9.947, 6048, 608
39,      9.957, 6213, 624
40,      9.923, 6351, 640
41,      9.938, 6519, 656
42,      9.943, 6682, 672
43,      9.949, 6845, 688
44,      9.932, 6992, 704
45,      9.951, 7165, 720
46,      9.931, 7309, 736
47,      9.928, 7466, 752
48,      9.931, 7627, 768
49,      9.960, 7809, 784
50,      9.944, 7955, 800
51,      9.957, 8125, 816
52,      9.966, 8292, 832
53,      9.936, 8426, 848
54,      9.976, 8619, 864
55,      9.973, 8776, 880
56,      9.983, 8945, 896
57,      9.935, 9061, 912
58,      9.949, 9233, 928
59,      9.939, 9382, 944
60,      9.942, 9544, 960
61,      9.960, 9721, 976
62,      9.952, 9872, 992
63,      9.949, 10029, 1008
64,      9.954, 10193, 1024

Measure L1 cache associative ways for window: 4096
step, latency, clocks, rounds
1,       3.750, 60, 16
2,       3.969, 127, 32
3,       3.521, 169, 48
4,       3.422, 219, 64
5,       2.962, 237, 80
6,       3.094, 297, 96
7,       3.438, 385, 112
8,       3.688, 472, 128
9,       7.951, 1145, 144
10,      9.769, 1563, 160
11,      9.790, 1723, 176
12,      9.901, 1901, 192
13,      9.880, 2055, 208
14,      9.888, 2215, 224
15,      9.846, 2363, 240
16,      9.867, 2526, 256
17,      9.971, 2712, 272
18,      9.934, 2861, 288
19,      9.888, 3006, 304
20,      9.938, 3180, 320
21,      9.887, 3322, 336
22,      9.889, 3481, 352
23,      9.929, 3654, 368
24,      9.919, 3809, 384
25,      9.920, 3968, 400
26,      9.901, 4119, 416
27,      9.954, 4300, 432
28,      9.929, 4448, 448
29,      9.991, 4636, 464
30,      9.988, 4794, 480
31,      9.901, 4911, 496
32,      9.967, 5103, 512
33,      9.947, 5252, 528
34,      9.967, 5422, 544
35,      9.968, 5582, 560
36,      9.988, 5753, 576
37,      9.970, 5902, 592
38,      9.957, 6054, 608
39,      9.958, 6214, 624
40,      9.933, 6357, 640
41,      9.986, 6551, 656
42,      9.964, 6696, 672
43,      9.959, 6852, 688
44,      9.928, 6989, 704
45,      9.963, 7173, 720
46,      9.952, 7325, 736
47,      9.971, 7498, 752
48,      9.948, 7640, 768
49,      9.953, 7803, 784
50,      9.953, 7962, 800
51,      9.944, 8114, 816
52,      9.980, 8303, 832
53,      9.987, 8469, 848
54,      9.979, 8622, 864
55,      9.948, 8754, 880
56,      10.001, 8961, 896
57,      9.964, 9087, 912
58,      9.998, 9278, 928
59,      9.975, 9416, 944
60,      9.999, 9599, 960
61,      10.383, 10134, 976
62,      10.338, 10255, 992
63,      10.422, 10505, 1008
64,      10.353, 10601, 1024

Measure L1 cache associative ways for window: 8192
step, latency, clocks, rounds
1,       3.625, 58, 16
2,       3.969, 127, 32
3,       3.458, 166, 48
4,       3.375, 216, 64
5,       2.837, 227, 80
6,       3.458, 332, 96
7,       3.500, 392, 112
8,       3.508, 449, 128
9,       9.431, 1358, 144
10,      9.750, 1560, 160
11,      9.670, 1702, 176
12,      9.729, 1868, 192
13,      9.740, 2026, 208
14,      9.728, 2179, 224
15,      9.733, 2336, 240
16,      9.848, 2521, 256
17,      9.842, 2677, 272
18,      9.878, 2845, 288
19,      9.891, 3007, 304
20,      9.887, 3164, 320
21,      9.890, 3323, 336
22,      9.781, 3443, 352
23,      9.774, 3597, 368
24,      9.828, 3774, 384
25,      9.925, 3970, 400
26,      9.916, 4125, 416
27,      9.801, 4234, 432
28,      9.833, 4405, 448
29,      9.914, 4600, 464
30,      9.810, 4709, 480
31,      10.690, 5302, 496
32,      10.707, 5482, 512
33,      13.932, 7356, 528
34,      16.665, 9066, 544
35,      19.750, 11060, 560
36,      22.252, 12817, 576
37,      24.720, 14634, 592
38,      27.081, 16465, 608
39,      29.202, 18222, 624
40,      30.813, 19720, 640
41,      32.197, 21121, 656
42,      34.110, 22922, 672
43,      34.001, 23393, 688
44,      35.291, 24845, 704
45,      36.907, 26573, 720
46,      36.582, 26924, 736
47,      36.717, 27611, 752
48,      40.174, 30854, 768
49,      39.932, 31307, 784
50,      40.934, 32747, 800
51,      41.315, 33713, 816
52,      41.260, 34328, 832
53,      41.830, 35472, 848
54,      41.891, 36194, 864
55,      42.560, 37453, 880
56,      42.700, 38259, 896
57,      42.629, 38878, 912
58,      42.745, 39667, 928
59,      42.309, 39940, 944
60,      42.385, 40690, 960
61,      42.770, 41744, 976
62,      42.428, 42089, 992
63,      42.378, 42717, 1008
64,      42.349, 43365, 1024

Measure L1 cache associative ways for window: 16384
step, latency, clocks, rounds
1,       3.438, 55, 16
2,       3.875, 124, 32
3,       3.542, 170, 48
4,       3.484, 223, 64
5,       2.975, 238, 80
6,       3.083, 296, 96
7,       3.143, 352, 112
8,       3.836, 491, 128
9,       9.250, 1332, 144
10,      9.744, 1559, 160
11,      9.795, 1724, 176
12,      9.802, 1882, 192
13,      9.856, 2050, 208
14,      9.821, 2200, 224
15,      9.871, 2369, 240
16,      11.160, 2857, 256
17,      17.408, 4735, 272
18,      22.920, 6601, 288
19,      28.214, 8577, 304
20,      30.762, 9844, 320
21,      32.628, 10963, 336
22,      35.276, 12417, 352
23,      37.905, 13949, 368
24,      38.758, 14883, 384
25,      39.570, 15828, 400
26,      40.825, 16983, 416
27,      42.787, 18484, 432
28,      43.837, 19639, 448
29,      44.188, 20503, 464
30,      44.198, 21215, 480
31,      44.022, 21835, 496
32,      43.783, 22417, 512
33,      44.095, 23282, 528
34,      44.031, 23953, 544
35,      44.150, 24724, 560
36,      44.064, 25381, 576
37,      44.194, 26163, 592
38,      44.224, 26888, 608
39,      44.284, 27633, 624
40,      42.633, 27285, 640
41,      42.689, 28004, 656
42,      42.504, 28563, 672
43,      42.703, 29380, 688
44,      42.571, 29970, 704
45,      42.715, 30755, 720
46,      42.747, 31462, 736
47,      42.701, 32111, 752
48,      42.600, 32717, 768
49,      42.755, 33520, 784
50,      42.735, 34188, 800
51,      42.798, 34923, 816
52,      42.686, 35515, 832
53,      42.750, 36252, 848
54,      42.649, 36849, 864
55,      42.690, 37567, 880
56,      42.763, 38316, 896
57,      42.765, 39002, 912
58,      42.768, 39689, 928
59,      42.747, 40353, 944
60,      42.665, 40958, 960
61,      42.781, 41754, 976
62,      42.816, 42473, 992
63,      42.874, 43217, 1008
64,      42.739, 43765, 1024

Measure L1 cache associative ways for window: 32768
step, latency, clocks, rounds
1,       3.250, 52, 16
2,       3.969, 127, 32
3,       3.417, 164, 48
4,       3.359, 215, 64
5,       2.962, 237, 80
6,       3.396, 326, 96
7,       3.438, 385, 112
8,       3.797, 486, 128
9,       12.563, 1809, 144
10,      30.544, 4887, 160
11,      34.335, 6043, 176
12,      37.292, 7160, 192
13,      40.303, 8383, 208
14,      42.147, 9441, 224
15,      42.096, 10103, 240
16,      42.551, 10893, 256
17,      42.401, 11533, 272
18,      42.708, 12300, 288
19,      42.625, 12958, 304
20,      42.737, 13676, 320
21,      42.679, 14340, 336
22,      42.733, 15042, 352
23,      42.734, 15726, 368
24,      42.786, 16430, 384
25,      41.242, 16497, 400
26,      40.560, 16873, 416
27,      39.734, 17165, 432
28,      39.029, 17485, 448
29,      38.455, 17843, 464
30,      37.931, 18207, 480
31,      37.353, 18527, 496
32,      37.008, 18948, 512
33,      38.396, 20273, 528
34,      39.715, 21605, 544
35,      40.711, 22798, 560
36,      41.146, 23700, 576
37,      42.029, 24881, 592
38,      42.763, 26000, 608
39,      41.976, 26193, 624
40,      42.111, 26951, 640
41,      42.200, 27683, 656
42,      42.329, 28445, 672
43,      42.397, 29169, 688
44,      42.545, 29952, 704
45,      42.951, 30925, 720
46,      42.925, 31593, 736
47,      42.959, 32305, 752
48,      42.969, 33000, 768
49,      42.941, 33666, 784
50,      42.961, 34369, 800
51,      43.042, 35122, 816
52,      43.014, 35788, 832
53,      42.545, 36078, 848
54,      42.647, 36847, 864
55,      43.033, 37869, 880
56,      42.952, 38485, 896
57,      42.981, 39199, 912
58,      43.029, 39931, 928
59,      42.983, 40576, 944
60,      43.027, 41306, 960
61,      42.665, 41641, 976
62,      42.602, 42261, 992
63,      43.060, 43404, 1008
64,      43.028, 44061, 1024

Measure L1 cache associative ways for window: 65536
step, latency, clocks, rounds
1,       3.000, 48, 16
2,       3.906, 125, 32
3,       3.542, 170, 48
4,       3.469, 222, 64
5,       11.688, 935, 80
6,       11.802, 1133, 96
7,       11.920, 1335, 112
8,       14.469, 1852, 128
9,       41.903, 6034, 144
10,      42.087, 6734, 160
11,      42.392, 7461, 176
12,      42.484, 8157, 192
13,      40.813, 8489, 208
14,      39.152, 8770, 224
15,      37.758, 9062, 240
16,      36.855, 9435, 256
17,      38.636, 10509, 272
18,      41.382, 11918, 288
19,      42.329, 12868, 304
20,      42.438, 13580, 320
21,      42.619, 14320, 336
22,      42.861, 15087, 352
23,      42.851, 15769, 368
24,      42.612, 16363, 384
25,      42.752, 17101, 400
26,      42.781, 17797, 416
27,      42.650, 18425, 432
28,      42.842, 19193, 448
29,      42.782, 19851, 464
30,      42.860, 20573, 480
31,      42.863, 21260, 496
32,      42.877, 21953, 512
33,      42.208, 22286, 528
34,      41.632, 22648, 544
35,      40.868, 22886, 560
36,      40.274, 23198, 576
37,      41.353, 24481, 592
38,      42.092, 25592, 608
39,      42.829, 26725, 624
40,      42.895, 27453, 640
41,      43.034, 28230, 656
42,      43.016, 28907, 672
43,      43.039, 29611, 688
44,      43.026, 30290, 704
45,      42.483, 30588, 720
46,      41.989, 30904, 736
47,      41.479, 31192, 752
48,      41.039, 31518, 768
49,      41.888, 32840, 784
50,      42.638, 34110, 800
51,      42.984, 35075, 816
52,      42.900, 35693, 832
53,      43.107, 36555, 848
54,      43.068, 37211, 864
55,      43.058, 37891, 880
56,      43.108, 38625, 896
57,      43.043, 39255, 912
58,      43.066, 39965, 928
59,      43.020, 40611, 944
60,      43.057, 41335, 960
61,      43.059, 42026, 976
62,      43.020, 42676, 992
63,      43.106, 43451, 1008
64,      43.058, 44091, 1024

Measure L1 cache associative ways for window: 131072
step, latency, clocks, rounds
1,       3.375, 54, 16
2,       3.875, 124, 32
3,       3.500, 168, 48
4,       3.422, 219, 64
5,       12.738, 1019, 80
6,       12.698, 1219, 96
7,       12.214, 1368, 112
8,       13.492, 1727, 128
9,       31.653, 4558, 144
10,      31.025, 4964, 160
11,      35.040, 6167, 176
12,      39.203, 7527, 192
13,      40.293, 8381, 208
14,      40.830, 9146, 224
15,      42.167, 10120, 240
16,      41.355, 10587, 256
17,      40.096, 10906, 272
18,      38.847, 11188, 288
19,      38.227, 11621, 304
20,      37.369, 11958, 320
21,      38.777, 13029, 336
22,      41.182, 14496, 352
23,      39.495, 14534, 368
24,      38.047, 14610, 384
25,      37.935, 15174, 400
26,      36.524, 15194, 416
27,      39.097, 16890, 432
28,      39.413, 17657, 448
29,      40.726, 18897, 464
30,      40.458, 19420, 480
31,      40.760, 20217, 496
32,      40.658, 20817, 512
33,      40.152, 21200, 528
34,      39.553, 21517, 544
35,      38.979, 21828, 560
36,      38.302, 22062, 576
37,      39.314, 23274, 592
38,      40.345, 24530, 608
39,      39.447, 24615, 624
40,      39.381, 25204, 640
41,      38.604, 25324, 656
42,      37.936, 25493, 672
43,      38.874, 26745, 688
44,      39.565, 27854, 704
45,      40.124, 28889, 720
46,      40.288, 29652, 736
47,      40.295, 30302, 752
48,      40.906, 31416, 768
49,      40.171, 31494, 784
50,      39.615, 31692, 800
51,      39.137, 31936, 816
52,      39.071, 32507, 832
53,      39.695, 33661, 848
54,      40.113, 34658, 864
55,      39.935, 35143, 880
56,      39.430, 35329, 896
57,      39.106, 35665, 912
58,      39.028, 36218, 928
59,      39.353, 37149, 944
60,      40.081, 38478, 960
61,      40.435, 39465, 976
62,      40.205, 39883, 992
63,      40.271, 40593, 1008
64,      40.310, 41277, 1024

Measure L1 cache associative ways for window: 262144
step, latency, clocks, rounds
1,       3.375, 54, 16
2,       4.000, 128, 32
3,       3.500, 168, 48
4,       3.406, 218, 64
5,       11.613, 929, 80
6,       11.823, 1135, 96
7,       12.232, 1370, 112
8,       13.055, 1671, 128
9,       25.639, 3692, 144
10,      24.200, 3872, 160
11,      23.722, 4175, 176
12,      23.734, 4557, 192
13,      23.500, 4888, 208
14,      23.085, 5171, 224
15,      22.971, 5513, 240
16,      26.148, 6694, 256
17,      25.474, 6929, 272
18,      24.663, 7103, 288
19,      24.766, 7529, 304
20,      24.969, 7990, 320
21,      24.476, 8224, 336
22,      24.486, 8619, 352
23,      24.247, 8923, 368
24,      26.362, 10123, 384
25,      26.032, 10413, 400
26,      25.647, 10669, 416
27,      25.377, 10963, 432
28,      25.549, 11446, 448
29,      25.028, 11613, 464
30,      25.031, 12015, 480
31,      24.929, 12365, 496
32,      26.418, 13526, 512
33,      27.998, 14783, 528
34,      29.222, 15897, 544
35,      29.402, 16465, 560
36,      29.097, 16760, 576
37,      29.199, 17286, 592
38,      28.556, 17362, 608
39,      28.574, 17830, 624
40,      29.659, 18982, 640
41,      30.776, 20189, 656
42,      32.015, 21514, 672
43,      31.730, 21830, 688
44,      31.518, 22189, 704
45,      31.932, 22991, 720
46,      30.976, 22798, 736
47,      30.860, 23207, 752
48,      31.973, 24555, 768
49,      32.728, 25659, 784
50,      33.434, 26747, 800
51,      33.699, 27498, 816
52,      33.415, 27801, 832
53,      33.179, 28136, 848
54,      33.106, 28604, 864
55,      33.130, 29154, 880
56,      33.991, 30456, 896
57,      34.900, 31829, 912
58,      35.168, 32636, 928
59,      35.042, 33080, 944
60,      34.729, 33340, 960
61,      34.607, 33776, 976
62,      34.306, 34032, 992
63,      33.900, 34171, 1008
64,      34.706, 35539, 1024

Measure L1 cache associative ways for window: 524288
step, latency, clocks, rounds
1,       3.125, 50, 16
2,       3.906, 125, 32
3,       3.542, 170, 48
4,       3.484, 223, 64
5,       11.688, 935, 80
6,       11.844, 1137, 96
7,       12.241, 1371, 112
8,       12.703, 1626, 128
9,       18.715, 2695, 144
10,      18.650, 2984, 160
11,      18.710, 3293, 176
12,      18.734, 3597, 192
13,      18.764, 3903, 208
14,      18.741, 4198, 224
15,      18.783, 4508, 240
16,      18.793, 4811, 256
17,      18.809, 5116, 272
18,      18.826, 5422, 288
19,      18.806, 5717, 304
20,      18.822, 6023, 320
21,      18.845, 6332, 336
22,      18.901, 6653, 352
23,      18.864, 6942, 368
24,      18.854, 7240, 384
25,      18.867, 7547, 400
26,      18.863, 7847, 416
27,      18.900, 8165, 432
28,      18.855, 8447, 448
29,      18.877, 8759, 464
30,      18.890, 9067, 480
31,      18.885, 9367, 496
32,      18.912, 9683, 512
33,      18.913, 9986, 528
34,      18.910, 10287, 544
35,      19.688, 11025, 560
36,      19.693, 11343, 576
37,      19.704, 11665, 592
38,      19.696, 11975, 608
39,      19.710, 12299, 624
40,      19.689, 12601, 640
41,      19.701, 12924, 656
42,      19.690, 13232, 672
43,      19.712, 13562, 688
44,      19.689, 13861, 704
45,      19.703, 14186, 720
46,      19.694, 14495, 736
47,      19.699, 14814, 752
48,      19.706, 15134, 768
49,      19.707, 15450, 784
50,      19.731, 15785, 800
51,      19.744, 16111, 816
52,      19.734, 16419, 832
53,      19.775, 16769, 848
54,      19.749, 17063, 864
55,      18.959, 16684, 880
56,      18.993, 17018, 896
57,      18.969, 17300, 912
58,      18.959, 17594, 928
59,      18.981, 17918, 944
60,      18.976, 18217, 960
61,      18.978, 18523, 976
62,      18.960, 18808, 992
63,      18.962, 19114, 1008
64,      18.962, 19417, 1024

Measure L1 cache associative ways for window: 1048576
step, latency, clocks, rounds
1,       3.313, 53, 16
2,       3.969, 127, 32
3,       3.500, 168, 48
4,       3.406, 218, 64
5,       12.200, 976, 80
6,       12.219, 1173, 96
7,       11.938, 1337, 112
8,       12.664, 1621, 128
9,       18.792, 2706, 144
10,      18.644, 2983, 160
11,      18.744, 3299, 176
12,      18.714, 3593, 192
13,      18.793, 3909, 208
14,      18.777, 4206, 224
15,      18.783, 4508, 240
16,      18.797, 4812, 256
17,      18.798, 5113, 272
18,      18.809, 5417, 288
19,      18.839, 5727, 304
20,      18.834, 6027, 320
21,      18.854, 6335, 336
22,      18.835, 6630, 352
23,      18.848, 6936, 368
24,      18.865, 7244, 384
25,      18.872, 7549, 400
26,      18.851, 7842, 416
27,      18.843, 8140, 432
28,      18.862, 8450, 448
29,      18.879, 8760, 464
30,      18.902, 9073, 480
31,      18.897, 9373, 496
32,      18.887, 9670, 512
33,      18.903, 9981, 528
34,      19.693, 10713, 544
35,      19.682, 11022, 560
36,      19.700, 11347, 576
37,      19.701, 11663, 592
38,      19.724, 11992, 608
39,      19.715, 12302, 624
40,      19.675, 12592, 640
41,      19.713, 12932, 656
42,      19.717, 13250, 672
43,      19.718, 13566, 688
44,      19.688, 13860, 704
45,      19.717, 14196, 720
46,      19.696, 14496, 736
47,      19.694, 14810, 752
48,      19.689, 15121, 768
49,      19.707, 15450, 784
50,      19.696, 15757, 800
51,      19.699, 16074, 816
52,      19.701, 16391, 832
53,      19.724, 16726, 848
54,      18.946, 16369, 864
55,      18.956, 16681, 880
56,      18.971, 16998, 896
57,      18.947, 17280, 912
58,      18.968, 17602, 928
59,      18.946, 17885, 944
60,      18.953, 18195, 960
61,      18.970, 18515, 976
62,      18.959, 18807, 992
63,      18.953, 19105, 1008
64,      18.969, 19424, 1024

Measure L1 cache associative ways for window: 2097152
step, latency, clocks, rounds
1,       3.250, 52, 16
2,       4.000, 128, 32
3,       3.500, 168, 48
4,       3.484, 223, 64
5,       11.762, 941, 80
6,       11.875, 1140, 96
7,       12.304, 1378, 112
8,       12.703, 1626, 128
9,       18.618, 2681, 144
10,      18.694, 2991, 160
11,      18.722, 3295, 176
12,      18.734, 3597, 192
13,      18.793, 3909, 208
14,      18.759, 4202, 224
15,      18.775, 4506, 240
16,      18.801, 4813, 256
17,      18.820, 5119, 272
18,      18.819, 5420, 288
19,      18.836, 5726, 304
20,      18.828, 6025, 320
21,      18.848, 6333, 336
22,      18.830, 6628, 352
23,      18.845, 6935, 368
24,      18.870, 7246, 384
25,      18.872, 7549, 400
26,      18.861, 7846, 416
27,      18.850, 8143, 432
28,      18.866, 8452, 448
29,      18.877, 8759, 464
30,      18.900, 9072, 480
31,      18.875, 9362, 496
32,      18.896, 9675, 512
33,      18.898, 9978, 528
34,      18.897, 10280, 544
35,      18.921, 10596, 560
36,      18.931, 10904, 576
37,      18.917, 11199, 592
38,      18.926, 11507, 608
39,      18.909, 11799, 624
40,      18.891, 12090, 640
41,      18.915, 12408, 656
42,      18.912, 12709, 672
43,      18.924, 13020, 688
44,      18.906, 13310, 704
45,      18.929, 13629, 720
46,      18.927, 13930, 736
47,      18.912, 14222, 752
48,      18.918, 14529, 768
49,      18.944, 14852, 784
50,      18.933, 15146, 800
51,      18.918, 15437, 816
52,      18.930, 15750, 832
53,      18.946, 16066, 848
54,      18.934, 16359, 864
55,      18.924, 16653, 880
56,      18.962, 16990, 896
57,      18.920, 17255, 912
58,      18.918, 17556, 928
59,      18.917, 17858, 944
60,      18.931, 18174, 960
61,      18.987, 18531, 976
62,      18.958, 18806, 992
63,      18.962, 19114, 1008
64,      18.965, 19420, 1024

Measure L1 cache associative ways for window: 4194304
step, latency, clocks, rounds
1,       3.375, 54, 16
2,       3.906, 125, 32
3,       3.458, 166, 48
4,       3.500, 224, 64
5,       11.738, 939, 80
6,       12.302, 1181, 96
7,       12.313, 1379, 112
8,       12.625, 1616, 128
9,       18.660, 2687, 144
10,      18.669, 2987, 160
11,      18.699, 3291, 176
12,      18.734, 3597, 192
13,      18.769, 3904, 208
14,      18.759, 4202, 224
15,      18.758, 4502, 240
16,      18.820, 4818, 256
17,      18.794, 5112, 272
18,      18.823, 5421, 288
19,      18.826, 5723, 304
20,      18.816, 6021, 320
21,      18.857, 6336, 336
22,      18.841, 6632, 352
23,      18.842, 6934, 368
24,      18.857, 7241, 384
25,      18.867, 7547, 400
26,      18.870, 7850, 416
27,      18.873, 8153, 432
28,      18.775, 8411, 448
29,      18.877, 8759, 464
30,      18.892, 9068, 480
31,      18.899, 9374, 496
32,      18.865, 9659, 512

Measure L1 cache associative ways for window: 8388608
step, latency, clocks, rounds
1,       2.938, 47, 16
2,       4.000, 128, 32
3,       3.417, 164, 48
4,       3.344, 214, 64
5,       11.688, 935, 80
6,       12.219, 1173, 96
7,       12.232, 1370, 112
8,       12.758, 1633, 128
9,       18.660, 2687, 144
10,      18.675, 2988, 160
11,      18.693, 3290, 176
12,      18.745, 3599, 192
13,      18.769, 3904, 208
14,      18.817, 4215, 224
15,      18.775, 4506, 240
16,      18.906, 4840, 256
ways, 1K, 2K, 4K, 8K, 16K, 32K, 64K, 128K, 256K, 512K, 1M, 2M, 4M, 8M
1, 4.000, 3.250, 3.750, 3.625, 3.438, 3.250, 3.000, 3.375, 3.375, 3.125, 3.313,3.250, 3.375, 2.938
2, 4.094, 3.625, 3.969, 3.969, 3.875, 3.969, 3.906, 3.875, 4.000, 3.906, 3.969,4.000, 3.906, 4.000
3, 3.896, 3.417, 3.521, 3.458, 3.542, 3.417, 3.542, 3.500, 3.500, 3.542, 3.500,3.500, 3.458, 3.417
4, 3.750, 3.391, 3.422, 3.375, 3.484, 3.359, 3.469, 3.422, 3.406, 3.484, 3.406,3.484, 3.500, 3.344
5, 3.200, 2.962, 2.962, 2.837, 2.975, 2.962, 11.688, 12.738, 11.613, 11.688, 12.200, 11.762, 11.738, 11.688
6, 3.396, 3.146, 3.094, 3.458, 3.083, 3.396, 11.802, 12.698, 11.823, 11.844, 12.219, 11.875, 12.302, 12.219
7, 3.429, 3.080, 3.438, 3.500, 3.143, 3.438, 11.920, 12.214, 12.232, 12.241, 11.938, 12.304, 12.313, 12.232
8, 3.383, 3.094, 3.688, 3.508, 3.836, 3.797, 14.469, 13.492, 13.055, 12.703, 12.664, 12.703, 12.625, 12.758
9, 3.333, 3.063, 7.951, 9.431, 9.250, 12.563, 41.903, 31.653, 25.639, 18.715, 18.792, 18.618, 18.660, 18.660
10, 3.306, 3.100, 9.769, 9.750, 9.744, 30.544, 42.087, 31.025, 24.200, 18.650, 18.644, 18.694, 18.669, 18.675
11, 3.364, 3.119, 9.790, 9.670, 9.795, 34.335, 42.392, 35.040, 23.722, 18.710, 18.744, 18.722, 18.699, 18.693
12, 3.302, 3.089, 9.901, 9.729, 9.802, 37.292, 42.484, 39.203, 23.734, 18.734, 18.714, 18.734, 18.734, 18.745
13, 3.341, 3.274, 9.880, 9.740, 9.856, 40.303, 40.813, 40.293, 23.500, 18.764, 18.793, 18.793, 18.769, 18.769
14, 3.313, 3.250, 9.888, 9.728, 9.821, 42.147, 39.152, 40.830, 23.085, 18.741, 18.777, 18.759, 18.759, 18.817
15, 3.333, 3.462, 9.846, 9.733, 9.871, 42.096, 37.758, 42.167, 22.971, 18.783, 18.783, 18.775, 18.758, 18.775
16, 3.355, 3.492, 9.867, 9.848, 11.160, 42.551, 36.855, 41.355, 26.148, 18.793,18.797, 18.801, 18.820, 18.906
17, 3.482, 6.721, 9.971, 9.842, 17.408, 42.401, 38.636, 40.096, 25.474, 18.809,18.798, 18.820, 18.794
18, 3.500, 9.854, 9.934, 9.878, 22.920, 42.708, 41.382, 38.847, 24.663, 18.826,18.809, 18.819, 18.823
19, 3.480, 9.816, 9.888, 9.891, 28.214, 42.625, 42.329, 38.227, 24.766, 18.806,18.839, 18.836, 18.826
20, 3.469, 9.887, 9.938, 9.887, 30.762, 42.737, 42.438, 37.369, 24.969, 18.822,18.834, 18.828, 18.816
21, 3.417, 9.905, 9.887, 9.890, 32.628, 42.679, 42.619, 38.777, 24.476, 18.845,18.854, 18.848, 18.857
22, 3.429, 9.912, 9.889, 9.781, 35.276, 42.733, 42.861, 41.182, 24.486, 18.901,18.835, 18.830, 18.841
23, 3.465, 9.905, 9.929, 9.774, 37.905, 42.734, 42.851, 39.495, 24.247, 18.864,18.848, 18.845, 18.842
24, 3.477, 9.911, 9.919, 9.828, 38.758, 42.786, 42.612, 38.047, 26.362, 18.854,18.865, 18.870, 18.857
25, 3.458, 9.932, 9.920, 9.925, 39.570, 41.242, 42.752, 37.935, 26.032, 18.867,18.872, 18.872, 18.867
26, 3.587, 9.918, 9.901, 9.916, 40.825, 40.560, 42.781, 36.524, 25.647, 18.863,18.851, 18.861, 18.870
27, 3.454, 9.921, 9.954, 9.801, 42.787, 39.734, 42.650, 39.097, 25.377, 18.900,18.843, 18.850, 18.873
28, 3.545, 9.915, 9.929, 9.833, 43.837, 39.029, 42.842, 39.413, 25.549, 18.855,18.862, 18.866, 18.775
29, 3.573, 9.922, 9.991, 9.914, 44.188, 38.455, 42.782, 40.726, 25.028, 18.877,18.879, 18.877, 18.877
30, 3.673, 9.942, 9.988, 9.810, 44.198, 37.931, 42.860, 40.458, 25.031, 18.890,18.902, 18.900, 18.892
31, 3.635, 9.925, 9.901, 10.690, 44.022, 37.353, 42.863, 40.760, 24.929, 18.885,18.897, 18.875, 18.899
32, 3.750, 9.939, 9.967, 10.707, 43.783, 37.008, 42.877, 40.658, 26.418, 18.912,18.887, 18.896, 18.865
33, 5.415, 9.934, 9.947, 13.932, 44.095, 38.396, 42.208, 40.152, 27.998, 18.913,18.903, 18.898
34, 7.138, 9.941, 9.967, 16.665, 44.031, 39.715, 41.632, 39.553, 29.222, 18.910, 19.693, 18.897
35, 8.875, 9.954, 9.968, 19.750, 44.150, 40.711, 40.868, 38.979, 29.402, 19.688, 19.682, 18.921
36, 10.429, 9.953, 9.988, 22.252, 44.064, 41.146, 40.274, 38.302, 29.097, 19.693, 19.700, 18.931
37, 10.400, 9.970, 9.970, 24.720, 44.194, 42.029, 41.353, 39.314, 29.199, 19.704, 19.701, 18.917
38, 10.431, 9.947, 9.957, 27.081, 44.224, 42.763, 42.092, 40.345, 28.556, 19.696, 19.724, 18.926
39, 10.447, 9.957, 9.958, 29.202, 44.284, 41.976, 42.829, 39.447, 28.574, 19.710, 19.715, 18.909
40, 10.441, 9.923, 9.933, 30.813, 42.633, 42.111, 42.895, 39.381, 29.659, 19.689, 19.675, 18.891
41, 10.433, 9.938, 9.986, 32.197, 42.689, 42.200, 43.034, 38.604, 30.776, 19.701, 19.713, 18.915
42, 10.449, 9.943, 9.964, 34.110, 42.504, 42.329, 43.016, 37.936, 32.015, 19.690, 19.717, 18.912
43, 10.427, 9.949, 9.959, 34.001, 42.703, 42.397, 43.039, 38.874, 31.730, 19.712, 19.718, 18.924
44, 10.409, 9.932, 9.928, 35.291, 42.571, 42.545, 43.026, 39.565, 31.518, 19.689, 19.688, 18.906
45, 10.474, 9.951, 9.963, 36.907, 42.715, 42.951, 42.483, 40.124, 31.932, 19.703, 19.717, 18.929
46, 9.936, 9.931, 9.952, 36.582, 42.747, 42.925, 41.989, 40.288, 30.976, 19.694, 19.696, 18.927
47, 9.934, 9.928, 9.971, 36.717, 42.701, 42.959, 41.479, 40.295, 30.860, 19.699, 19.694, 18.912
48, 9.935, 9.931, 9.948, 40.174, 42.600, 42.969, 41.039, 40.906, 31.973, 19.706, 19.689, 18.918
49, 9.958, 9.960, 9.953, 39.932, 42.755, 42.941, 41.888, 40.171, 32.728, 19.707, 19.707, 18.944
50, 9.922, 9.944, 9.953, 40.934, 42.735, 42.961, 42.638, 39.615, 33.434, 19.731, 19.696, 18.933
51, 9.925, 9.957, 9.944, 41.315, 42.798, 43.042, 42.984, 39.137, 33.699, 19.744, 19.699, 18.918
52, 9.946, 9.966, 9.980, 41.260, 42.686, 43.014, 42.900, 39.071, 33.415, 19.734, 19.701, 18.930
53, 9.941, 9.936, 9.987, 41.830, 42.750, 42.545, 43.107, 39.695, 33.179, 19.775, 19.724, 18.946
54, 9.946, 9.976, 9.979, 41.891, 42.649, 42.647, 43.068, 40.113, 33.106, 19.749, 18.946, 18.934
55, 9.943, 9.973, 9.948, 42.560, 42.690, 43.033, 43.058, 39.935, 33.130, 18.959, 18.956, 18.924
56, 9.983, 9.983, 10.001, 42.700, 42.763, 42.952, 43.108, 39.430, 33.991, 18.993, 18.971, 18.962
57, 9.931, 9.935, 9.964, 42.629, 42.765, 42.981, 43.043, 39.106, 34.900, 18.969, 18.947, 18.920
58, 9.928, 9.949, 9.998, 42.745, 42.768, 43.029, 43.066, 39.028, 35.168, 18.959, 18.968, 18.918
59, 9.941, 9.939, 9.975, 42.309, 42.747, 42.983, 43.020, 39.353, 35.042, 18.981, 18.946, 18.917
60, 9.933, 9.942, 9.999, 42.385, 42.665, 43.027, 43.057, 40.081, 34.729, 18.976, 18.953, 18.931
61, 9.940, 9.960, 10.383, 42.770, 42.781, 42.665, 43.059, 40.435, 34.607, 18.978, 18.970, 18.987
62, 9.955, 9.952, 10.338, 42.428, 42.816, 42.602, 43.020, 40.205, 34.306, 18.960, 18.959, 18.958
63, 9.942, 9.949, 10.422, 42.378, 42.874, 43.060, 43.106, 40.271, 33.900, 18.962, 18.953, 18.962
64, 9.952, 9.954, 10.353, 42.349, 42.739, 43.028, 43.058, 40.310, 34.706, 18.962, 18.969, 18.965

Branch prediction penality: 0 -> 64:
 46, 45, 38, 38, 38, 40, 35, 38, 38, 35, 38, 39, 38, 38, 39, 40, 46, 49, 44, 38,
 39, 40, 38, 38, 38, 39, 38, 38, 39, 40, 38, 39, 48, 44, 43, 46, 44, 39, 40, 38,
 38, 40, 35, 38, 38, 37, 40, 38, 43, 38, 42, 43, 40, 35, 38, 40, 35, 38, 38, 35,
 38, 38, 42, 38, 43,

Branch prediction penality: 16 -> 80:
 36, 39, 38, 38, 36, 40, 33, 38, 36, 35, 36, 38, 36, 38, 39, 38, 48, 49, 51, 38,
 33, 38, 38, 35, 38, 38, 38, 38, 39, 38, 38, 37, 46, 44, 41, 44, 38, 35, 38, 38,
 38, 38, 39, 40, 38, 37, 38, 38, 44, 38, 45, 44, 46, 38, 38, 38, 39, 40, 38, 37,
 38, 36, 38, 38, 45,

Branch prediction penality: 0 -> 64:
 54, 43, 36, 38, 35, 38, 38, 38, 40, 35, 38, 38, 37, 40, 35, 38, 48, 47, 44, 40,
 37, 38, 38, 39, 40, 38, 35, 38, 36, 38, 40, 35, 48, 44, 41, 44, 46, 37, 38, 38,
 39, 40, 38, 41, 40, 37, 38, 38, 45, 38, 42, 41, 42, 42, 35, 38, 38, 37, 40, 38,
 38, 40, 35, 38, 42,

Branch prediction penality: 16 -> 80:
 37, 40, 38, 39, 40, 35, 38, 38, 35, 38, 38, 38, 38, 39, 40, 38, 49, 50, 50, 39,
 40, 36, 35, 36, 39, 38, 38, 39, 40, 38, 39, 40, 41, 49, 44, 42, 38, 40, 35, 38,
 38, 35, 38, 38, 38, 38, 37, 38, 42, 35, 44, 46, 35, 38, 38, 35, 38, 36, 38, 38,
 39, 40, 38, 37, 46,
Branch prediction penality measurement ...
only sum:            145084766
ordered: cmp + sum:  151895917
random:  cmp + sum:  210645832
zigzag 1:cmp + sum:  148740497
zigzag 2:cmp + sum:  148523882
zigzag 3:cmp + sum:  148523882
zigzag 4:cmp + sum:  148190750