Real Time Clock Latency: 27
Cache miss: 6 (33 - 27)  Cache hit: 0 (27 - 27)
Instruction mul: 3 (30 - 27)
Instruction div: 9 (36 - 27)
Instruction float mul: 12 (39 - 27)
Instruction float div: 21 (48 - 27)
2 layer empty loops (8388608 * 1): 49580814 (49580841 - 27)
2 layer empty loops (4194304 * 2): 29797443 (29797470 - 27)
2 layer empty loops (2097152 * 4): 26246457 (26246484 - 27)
2 layer empty loops (1048576 * 8): 26641935 (26641962 - 27)
2 layer empty loops (524288 * 16): 30044571 (30044598 - 27)
2 layer empty loops (262144 * 32): 49739703 (49739730 - 27)
2 layer empty loops (131072 * 64): 48790404 (48790431 - 27)
2 layer empty loops (1M * 8): 26756205 (26756232 - 27)
2 layer empty loops (8 * 1M): 42008811 (42008838 - 27)
2 layer maccess loops (1M * 8): 247602639 (247602666 - 27)
2 layer maccess loops (8 * 1M): 177170256 (177170283 - 27)
3 layer empty loops (1M * 64 * 8): 460527852 (460527879 - 27)
3 layer empty loops (8 * 64 * 1M): 692181321 (692181348 - 27)
3 layer maccess loops (1M * 64 * 8): 1142919339 (1142919366 - 27)
3 layer maccess loops (8 * 64 * 1M): 2807142510 (2807142537 - 27)
round, BYTE, SHORT, LONG, LONGLONG
0, 189, 195, 192, 198
1, 30, 30, 30, 30
step, latency, clocks, rounds
8,       11.842529, 48507, 4096
16,      11.852051, 24273, 2048
32,      11.865234, 12150, 1024
64,      11.912109, 6099, 512
128,     18.996094, 4863, 256
256,     18.421875, 2358, 128
512,     18.234375, 1167, 64
cache line size: 64
step, latency, delta, rounds
1,       6.510132, 106662, 16384
2,       6.506836, 53304, 8192
4,       6.514893, 26685, 4096
8,       6.499512, 13311, 2048
16,      6.524414, 6681, 1024
32,      6.609375, 3384, 512
64,      6.632813, 1698, 256
128,     25.664063, 3285, 128
256,     28.687500, 1836, 64
512,     31.031250, 993, 32
cache line size: 64

Measure cache hierarchy ...
1K,      3.428571, 48, 14
2K,      2.700000, 81, 30
4K,      3.000000, 186, 62
8K,      3.629032, 450, 124
16K,     3.120000, 780, 250
32K,     3.090000, 1545, 500
64K,     8.724551, 8742, 1002
128K,    8.724826, 17502, 2006
256K,    8.942451, 35895, 4014
512K,    21.103886, 169422, 8028
1024K,   21.103886, 338844, 16056
2048K,   21.494301, 690225, 32112
4096K,   128.750561, 8268876, 64224
8192K,   204.449545, 26261544, 128450
16384K,  206.005492, 52922811, 256900
32768K,  203.802321, 104714040, 513802
65536K,  206.537095, 212238345, 1027604
step, latency, clocks, rounds
1K,      3.428571, 48, 16
2K,      2.700000, 81, 32
4K,      3.000000, 186, 64
8K,      3.571429, 450, 128
16K,     3.070866, 780, 256
32K,     3.029412, 1545, 512
64K,     8.553816, 8742, 1024
128K,    8.554252, 17502, 2048
256K,    8.767709, 35895, 4096
512K,    20.686447, 169422, 8192
1024K,   20.683921, 338844, 16384
2048K,   21.065281, 690225, 32768
4096K,   126.176885, 8268876, 65536
8192K,   200.362737, 26261544, 131072
16384K,  201.886043, 52922811, 262144
32768K,  199.726943, 104714040, 524288
65536K,  202.406645, 212238345, 1048576

Measure L1 cache associative ways for window: 1024
step, latency, clocks, rounds
1,       3.375, 54, 16
2,       3.094, 99, 32
3,       3.063, 147, 48
4,       3.234, 207, 64
5,       3.188, 255, 80
6,       3.250, 312, 96
7,       3.295, 369, 112
8,       3.234, 414, 128
9,       3.250, 468, 144
10,      3.263, 522, 160
11,      3.273, 576, 176
12,      3.328, 639, 192
13,      3.303, 687, 208
14,      3.295, 738, 224
15,      3.313, 795, 240
16,      3.281, 840, 256
17,      3.331, 906, 272
18,      3.323, 957, 288
19,      3.306, 1005, 304
20,      3.431, 1098, 320
21,      3.455, 1161, 336
22,      3.426, 1206, 352
23,      3.440, 1266, 368
24,      3.430, 1317, 384
25,      3.442, 1377, 400
26,      3.425, 1425, 416
27,      3.431, 1482, 432
28,      3.422, 1533, 448
29,      3.530, 1638, 464
30,      3.513, 1686, 480
31,      3.526, 1749, 496
32,      3.516, 1800, 512
33,      5.045, 2664, 528
34,      6.557, 3567, 544
35,      8.073, 4521, 560
36,      9.224, 5313, 576
37,      9.248, 5475, 592
38,      9.217, 5604, 608
39,      9.255, 5775, 624
40,      9.248, 5919, 640
41,      9.252, 6069, 656
42,      9.228, 6201, 672
43,      9.257, 6369, 688
44,      9.243, 6507, 704
45,      9.250, 6660, 720
46,      9.249, 6807, 736
47,      9.247, 6954, 752
48,      9.242, 7098, 768
49,      9.245, 7248, 784
50,      9.240, 7392, 800
51,      9.243, 7542, 816
52,      9.249, 7695, 832
53,      9.255, 7848, 848
54,      9.250, 7992, 864
55,      9.256, 8145, 880
56,      9.392, 8415, 896
57,      9.250, 8436, 912
58,      9.246, 8580, 928
59,      9.248, 8730, 944
60,      9.241, 8871, 960
61,      9.227, 9006, 976
62,      9.236, 9162, 992
63,      9.241, 9315, 1008
64,      9.240, 9462, 1024

Measure L1 cache associative ways for window: 2048
step, latency, clocks, rounds
1,       3.188, 51, 16
2,       3.188, 102, 32
3,       3.063, 147, 48
4,       3.188, 204, 64
5,       3.188, 255, 80
6,       3.250, 312, 96
7,       3.268, 366, 112
8,       3.281, 420, 128
9,       3.292, 474, 144
10,      3.300, 528, 160
11,      3.290, 579, 176
12,      3.297, 633, 192
13,      3.332, 693, 208
14,      3.268, 732, 224
15,      3.513, 843, 240
16,      3.504, 897, 256
17,      6.452, 1755, 272
18,      9.167, 2640, 288
19,      9.217, 2802, 304
20,      9.206, 2946, 320
21,      9.232, 3102, 336
22,      9.230, 3249, 352
23,      9.603, 3534, 368
24,      9.227, 3543, 384
25,      9.225, 3690, 400
26,      9.231, 3840, 416
27,      9.222, 3984, 432
28,      9.241, 4140, 448
29,      9.239, 4287, 464
30,      9.225, 4428, 480
31,      9.236, 4581, 496
32,      9.246, 4734, 512
33,      9.233, 4875, 528
34,      9.243, 5028, 544
35,      9.236, 5172, 560
36,      9.641, 5553, 576
37,      9.233, 5466, 592
38,      9.232, 5613, 608
39,      9.250, 5772, 624
40,      9.248, 5919, 640
41,      9.247, 6066, 656
42,      9.250, 6216, 672
43,      9.235, 6354, 688
44,      9.239, 6504, 704
45,      9.250, 6660, 720
46,      9.249, 6807, 736
47,      9.235, 6945, 752
48,      9.238, 7095, 768
49,      9.245, 7248, 784
50,      9.251, 7401, 800
51,      9.243, 7542, 816
52,      9.245, 7692, 832
53,      9.244, 7839, 848
54,      9.253, 7995, 864
55,      9.252, 8142, 880
56,      9.244, 8283, 896
57,      9.247, 8433, 912
58,      9.239, 8574, 928
59,      9.251, 8733, 944
60,      9.247, 8877, 960
61,      9.252, 9030, 976
62,      9.248, 9174, 992
63,      9.253, 9327, 1008
64,      9.636, 9867, 1024

Measure L1 cache associative ways for window: 4096
step, latency, clocks, rounds
1,       3.375, 54, 16
2,       3.094, 99, 32
3,       3.063, 147, 48
4,       3.141, 201, 64
5,       3.263, 261, 80
6,       3.250, 312, 96
7,       3.295, 369, 112
8,       3.633, 465, 128
9,       8.813, 1269, 144
10,      9.169, 1467, 160
11,      9.222, 1623, 176
12,      9.188, 1764, 192
13,      9.216, 1917, 208
14,      9.576, 2145, 224
15,      9.200, 2208, 240
16,      9.199, 2355, 256
17,      9.585, 2607, 272
18,      9.208, 2652, 288
19,      9.217, 2802, 304
20,      9.206, 2946, 320
21,      9.232, 3102, 336
22,      9.222, 3246, 352
23,      9.236, 3399, 368
24,      9.227, 3543, 384
25,      9.607, 3843, 400
26,      9.231, 3840, 416
27,      9.243, 3993, 432
28,      9.234, 4137, 448
29,      9.233, 4284, 464
30,      9.225, 4428, 480
31,      9.236, 4581, 496
32,      9.240, 4731, 512
33,      9.244, 4881, 528
34,      9.248, 5031, 544
35,      9.632, 5394, 560
36,      9.641, 5553, 576
37,      8.767, 5190, 592
38,      8.388, 5100, 608
39,      8.385, 5232, 624
40,      8.395, 5373, 640
41,      8.771, 5754, 656
42,      8.759, 5886, 672
43,      8.394, 5775, 688
44,      8.399, 5913, 704
45,      8.758, 6306, 720
46,      8.393, 6177, 736
47,      8.398, 6315, 752
48,      8.398, 6450, 768
49,      8.403, 6588, 784
50,      8.396, 6717, 800
51,      8.408, 6861, 816
52,      8.401, 6990, 832
53,      8.774, 7440, 848
54,      8.611, 7440, 864
55,      8.400, 7392, 880
56,      8.411, 7536, 896
57,      8.618, 7860, 912
58,      8.593, 7974, 928
59,      8.422, 7950, 944
60,      8.656, 8310, 960
61,      8.619, 8412, 976
62,      8.422, 8355, 992
63,      8.521, 8589, 1008
64,      8.707, 8916, 1024

Measure L1 cache associative ways for window: 8192
step, latency, clocks, rounds
1,       3.000, 48, 16
2,       2.344, 75, 32
3,       3.188, 153, 48
4,       3.141, 201, 64
5,       3.263, 261, 80
6,       3.188, 306, 96
7,       3.241, 363, 112
8,       3.656, 468, 128
9,       9.167, 1320, 144
10,      9.169, 1467, 160
11,      9.170, 1614, 176
12,      9.188, 1764, 192
13,      9.216, 1917, 208
14,      9.214, 2064, 224
15,      9.200, 2208, 240
16,      9.211, 2358, 256
17,      9.585, 2607, 272
18,      9.208, 2652, 288
19,      9.602, 2919, 304
20,      9.609, 3075, 320
21,      9.232, 3102, 336
22,      8.736, 3075, 352
23,      8.364, 3078, 368
24,      8.742, 3357, 384
25,      8.752, 3501, 400
26,      8.365, 3480, 416
27,      8.743, 3777, 432
28,      8.371, 3750, 448
29,      8.386, 3891, 464
30,      9.269, 4449, 480
31,      9.266, 4596, 496
32,      9.656, 4944, 512
33,      9.574, 5055, 528
34,      10.059, 5472, 544
35,      10.811, 6054, 560
36,      11.677, 6726, 576
37,      12.299, 7281, 592
38,      12.770, 7764, 608
39,      13.380, 8349, 624
40,      14.105, 9027, 640
41,      16.838, 11046, 656
42,      19.094, 12831, 672
43,      23.333, 16053, 688
44,      25.653, 18060, 704
45,      24.279, 17481, 720
46,      24.192, 17805, 736
47,      24.311, 18282, 752
48,      24.262, 18633, 768
49,      24.318, 19065, 784
50,      24.371, 19497, 800
51,      24.408, 19917, 816
52,      24.447, 20340, 832
53,      24.485, 20763, 848
54,      24.528, 21192, 864
55,      24.563, 21615, 880
56,      24.606, 22047, 896
57,      24.641, 22473, 912
58,      24.682, 22905, 928
59,      24.709, 23325, 944
60,      24.738, 23748, 960
61,      26.647, 26007, 976
62,      24.744, 24546, 992
63,      24.827, 25026, 1008
64,      24.858, 25455, 1024

Measure L1 cache associative ways for window: 16384
step, latency, clocks, rounds
1,       3.188, 51, 16
2,       3.188, 102, 32
3,       2.563, 123, 48
4,       3.141, 201, 64
5,       3.188, 255, 80
6,       3.188, 306, 96
7,       3.268, 366, 112
8,       3.656, 468, 128
9,       9.500, 1368, 144
10,      9.206, 1473, 160
11,      9.188, 1617, 176
12,      9.234, 1773, 192
13,      9.216, 1917, 208
14,      9.201, 2061, 224
15,      9.213, 2211, 240
16,      9.586, 2454, 256
17,      10.952, 2979, 272
18,      12.500, 3600, 288
19,      13.855, 4212, 304
20,      15.113, 4836, 320
21,      19.259, 6471, 336
22,      24.281, 8547, 352
23,      26.242, 9657, 368
24,      26.344, 10116, 384
25,      24.495, 9798, 400
26,      24.642, 10251, 416
27,      24.722, 10680, 432
28,      24.783, 11103, 448
29,      24.873, 11541, 464
30,      24.925, 11964, 480
31,      24.974, 12387, 496
32,      25.031, 12816, 512
33,      25.074, 13239, 528
34,      25.075, 13641, 544
35,      25.179, 14100, 560
36,      25.167, 14496, 576
37,      25.145, 14886, 592
38,      25.298, 15381, 608
39,      25.240, 15750, 624
40,      25.369, 16236, 640
41,      25.303, 16599, 656
42,      25.353, 17037, 672
43,      25.378, 17460, 688
44,      25.411, 17889, 704
45,      25.417, 18300, 720
46,      25.467, 18744, 736
47,      25.476, 19158, 752
48,      25.512, 19593, 768
49,      25.531, 20016, 784
50,      25.560, 20448, 800
51,      25.581, 20874, 816
52,      25.597, 21297, 832
53,      25.613, 21720, 848
54,      25.639, 22152, 864
55,      25.653, 22575, 880
56,      25.667, 22998, 896
57,      25.694, 23433, 912
58,      25.707, 23856, 928
59,      25.719, 24279, 944
60,      25.734, 24705, 960
61,      25.755, 25137, 976
62,      25.766, 25560, 992
63,      25.786, 25992, 1008
64,      25.808, 26427, 1024

Measure L1 cache associative ways for window: 32768
step, latency, clocks, rounds
1,       2.625, 42, 16
2,       3.000, 96, 32
3,       3.063, 147, 48
4,       3.141, 201, 64
5,       2.737, 219, 80
6,       2.656, 255, 96
7,       2.759, 309, 112
8,       3.117, 399, 128
9,       11.604, 1671, 144
10,      13.894, 2223, 160
11,      25.585, 4503, 176
12,      24.078, 4623, 192
13,      24.173, 5028, 208
14,      24.348, 5454, 224
15,      24.488, 5877, 240
16,      24.609, 6300, 256
17,      26.625, 7242, 272
18,      26.604, 7662, 288
19,      24.957, 7587, 304
20,      24.844, 7950, 320
21,      25.125, 8442, 336
22,      25.099, 8835, 352
23,      26.984, 9930, 368
24,      27.039, 10383, 384
25,      29.258, 11703, 400
26,      27.094, 11271, 416
27,      27.069, 11694, 432
28,      27.114, 12147, 448
29,      27.175, 12609, 464
30,      25.313, 12150, 480
31,      25.373, 12585, 496
32,      25.418, 13014, 512
33,      25.369, 13395, 528
34,      25.362, 13797, 544
35,      25.452, 14253, 560
36,      25.438, 14652, 576
37,      25.465, 15075, 592
38,      25.500, 15504, 608
39,      25.538, 15936, 624
40,      25.556, 16356, 640
41,      25.591, 16788, 656
42,      25.612, 17211, 672
43,      27.480, 18906, 688
44,      25.589, 18015, 704
45,      25.596, 18429, 720
46,      25.626, 18861, 736
47,      25.640, 19281, 752
48,      25.660, 19707, 768
49,      25.684, 20136, 784
50,      25.703, 20562, 800
51,      25.732, 20997, 816
52,      25.745, 21420, 832
53,      25.769, 21852, 848
54,      25.781, 22275, 864
55,      25.725, 22638, 880
56,      25.724, 23049, 896
57,      25.753, 23487, 912
58,      25.772, 23916, 928
59,      25.773, 24330, 944
60,      25.738, 24708, 960
61,      25.755, 25137, 976
62,      25.769, 25563, 992
63,      25.789, 25995, 1008
64,      25.805, 26424, 1024

Measure L1 cache associative ways for window: 65536
step, latency, clocks, rounds
1,       3.188, 51, 16
2,       2.344, 75, 32
3,       3.125, 150, 48
4,       2.719, 174, 64
5,       9.075, 726, 80
6,       8.219, 789, 96
7,       8.250, 924, 112
8,       9.516, 1218, 128
9,       13.854, 1995, 144
10,      26.175, 4188, 160
11,      27.222, 4791, 176
12,      27.172, 5217, 192
13,      27.303, 5679, 208
14,      27.375, 6132, 224
15,      27.475, 6594, 240
16,      27.539, 7050, 256
17,      27.618, 7512, 272
18,      27.656, 7965, 288
19,      25.786, 7839, 304
20,      27.759, 8883, 320
21,      27.813, 9345, 336
22,      27.852, 9804, 352
23,      25.769, 9483, 368
24,      25.961, 9969, 384
25,      27.795, 11118, 400
26,      27.966, 11634, 416
27,      26.056, 11256, 432
28,      27.871, 12486, 448
29,      27.912, 12951, 464
30,      25.981, 12471, 480
31,      27.950, 13863, 496
32,      27.984, 14328, 512
33,      26.778, 14139, 528
34,      27.640, 15036, 544
35,      30.825, 17262, 560
36,      29.688, 17100, 576
37,      30.573, 18099, 592
38,      31.436, 19113, 608
39,      32.264, 20133, 624
40,      32.986, 21111, 640
41,      32.995, 21645, 656
42,      33.031, 22197, 672
43,      33.022, 22719, 688
44,      33.026, 23250, 704
45,      33.058, 23802, 720
46,      33.065, 24336, 736
47,      35.465, 26670, 752
48,      33.074, 25401, 768
49,      33.073, 25929, 784
50,      33.105, 26484, 800
51,      33.081, 26994, 816
52,      33.097, 27537, 832
53,      45.647, 38709, 848
54,      45.420, 39243, 864
55,      45.852, 40350, 880
56,      45.760, 41001, 896
57,      60.967, 55602, 912
58,      66.883, 62067, 928
59,      71.517, 67512, 944
60,      70.153, 67347, 960
61,      70.254, 68568, 976
62,      79.554, 78918, 992
63,      78.295, 78921, 1008
64,      76.986, 78834, 1024

Measure L1 cache associative ways for window: 131072
step, latency, clocks, rounds
1,       3.188, 51, 16
2,       2.906, 93, 32
3,       2.563, 123, 48
4,       2.719, 174, 64
5,       8.175, 654, 80
6,       8.219, 789, 96
7,       8.250, 924, 112
8,       8.625, 1104, 128
9,       13.875, 1998, 144
10,      26.887, 4302, 160
11,      26.864, 4728, 176
12,      27.188, 5220, 192
13,      25.356, 5274, 208
14,      25.473, 5706, 224
15,      25.550, 6132, 240
16,      25.477, 6522, 256
17,      27.000, 7344, 272
18,      28.885, 8319, 288
19,      30.651, 9318, 304
20,      32.409, 10371, 320
21,      34.732, 11670, 336
22,      34.798, 12249, 352
23,      32.478, 11952, 368
24,      34.938, 13416, 384
25,      32.580, 13032, 400
26,      32.639, 13578, 416
27,      32.660, 14109, 432
28,      32.692, 14646, 448
29,      35.108, 16290, 464
30,      35.169, 16881, 480
31,      32.788, 16263, 496
32,      32.777, 16782, 512
33,      32.438, 17127, 528
34,      32.493, 17676, 544
35,      32.539, 18222, 560
36,      32.542, 18744, 576
37,      32.605, 19302, 592
38,      32.635, 19842, 608
39,      32.702, 20406, 624
40,      32.747, 20958, 640
41,      32.753, 21486, 656
42,      32.799, 22041, 672
43,      32.743, 22527, 688
44,      32.749, 23055, 704
45,      32.779, 23601, 720
46,      32.817, 24153, 736
47,      32.856, 24708, 752
48,      32.855, 25233, 768
49,      32.610, 25566, 784
50,      32.655, 26124, 800
51,      32.658, 26649, 816
52,      32.654, 27168, 832
53,      32.717, 27744, 848
54,      32.729, 28278, 864
55,      35.114, 30900, 880
56,      32.735, 29331, 896
57,      32.799, 29913, 912
58,      32.838, 30474, 928
59,      47.813, 45135, 944
60,      44.941, 43143, 960
61,      44.158, 43098, 976
62,      63.097, 62592, 992
63,      65.634, 66159, 1008
64,      76.011, 77835, 1024

Measure L1 cache associative ways for window: 262144
step, latency, clocks, rounds
1,       3.000, 48, 16
2,       3.094, 99, 32
3,       2.625, 126, 48
4,       2.625, 168, 64
5,       8.137, 651, 80
6,       8.219, 789, 96
7,       8.250, 924, 112
8,       8.602, 1101, 128
9,       17.917, 2580, 144
10,      22.800, 3648, 160
11,      30.648, 5394, 176
12,      31.469, 6042, 192
13,      31.284, 6507, 208
14,      31.781, 7119, 224
15,      34.288, 8229, 240
16,      32.027, 8199, 256
17,      31.412, 8544, 272
18,      31.521, 9078, 288
19,      31.648, 9621, 304
20,      34.041, 10893, 320
21,      31.768, 10674, 336
22,      31.909, 11232, 352
23,      31.957, 11760, 368
24,      32.047, 12306, 384
25,      31.582, 12633, 400
26,      31.666, 13173, 416
27,      31.750, 13716, 432
28,      31.734, 14217, 448
29,      31.869, 14787, 464
30,      31.931, 15327, 480
31,      31.972, 15858, 496
32,      34.342, 17583, 512
33,      34.028, 17967, 528
34,      31.754, 17274, 544
35,      34.120, 19107, 560
36,      34.146, 19668, 576
37,      34.231, 20265, 592
38,      34.268, 20835, 608
39,      34.322, 21417, 624
40,      34.331, 21972, 640
41,      31.802, 20862, 656
42,      31.830, 21390, 672
43,      31.858, 21918, 688
44,      31.913, 22467, 704
45,      34.258, 24666, 720
46,      31.981, 23538, 736
47,      32.003, 24066, 752
48,      45.141, 34668, 768
49,      47.510, 37248, 784
50,      70.365, 56292, 800
51,      77.074, 62892, 816
52,      90.234, 75075, 832
53,      107.522, 91179, 848
54,      110.038, 95073, 864
55,      119.134, 104838, 880
56,      128.448, 115089, 896
57,      126.845, 115683, 912
58,      127.707, 118512, 928
59,      131.015, 123678, 944
60,      132.184, 126897, 960
61,      131.576, 128418, 976
62,      130.669, 129624, 992
63,      130.985, 132033, 1008
64,      134.048, 137265, 1024

Measure L1 cache associative ways for window: 524288
step, latency, clocks, rounds
1,       3.375, 54, 16
2,       3.000, 96, 32
3,       3.063, 147, 48
4,       2.719, 174, 64
5,       16.650, 1332, 80
6,       16.781, 1611, 96
7,       17.170, 1923, 112
8,       17.063, 2184, 128
9,       22.708, 3270, 144
10,      22.781, 3645, 160
11,      22.756, 4005, 176
12,      29.188, 5604, 192
13,      28.543, 5937, 208
14,      30.656, 6867, 224
15,      32.663, 7839, 240
16,      30.633, 7842, 256
17,      29.989, 8157, 272
18,      30.292, 8724, 288
19,      30.474, 9264, 304
20,      30.525, 9768, 320
21,      30.143, 10128, 336
22,      30.366, 10689, 352
23,      32.641, 12012, 368
24,      30.594, 11748, 384
25,      30.255, 12102, 400
26,      30.425, 12657, 416
27,      30.465, 13161, 432
28,      30.589, 13704, 448
29,      30.349, 14082, 464
30,      30.387, 14586, 480
31,      30.508, 15132, 496
32,      30.633, 15684, 512
33,      31.517, 16641, 528
34,      33.193, 18057, 544
35,      34.693, 19428, 560
36,      36.026, 20751, 576
37,      35.995, 21309, 592
38,      36.163, 21987, 608
39,      36.236, 22611, 624
40,      53.461, 34215, 640
41,      53.922, 35373, 656
42,      54.969, 36939, 672
43,      74.760, 51435, 688
44,      83.284, 58632, 704
45,      94.721, 68199, 720
46,      90.024, 66258, 736
47,      108.056, 81258, 752
48,      115.160, 88443, 768
49,      113.216, 88761, 784
50,      109.763, 87810, 800
51,      116.191, 94812, 816
52,      115.367, 95985, 832
53,      113.363, 96132, 848
54,      114.080, 98565, 864
55,      119.925, 105534, 880
56,      118.306, 106002, 896
57,      117.063, 106761, 912
58,      120.168, 111516, 928
59,      122.234, 115389, 944
60,      121.472, 116613, 960
61,      121.057, 118152, 976
62,      122.038, 121062, 992
63,      125.107, 126108, 1008
64,      125.590, 128604, 1024

Measure L1 cache associative ways for window: 1048576
step, latency, clocks, rounds
1,       3.375, 54, 16
2,       2.344, 75, 32
3,       2.500, 120, 48
4,       3.234, 207, 64
5,       15.412, 1233, 80
6,       15.531, 1491, 96
7,       15.830, 1773, 112
8,       17.227, 2205, 128
9,       22.875, 3294, 144
10,      22.894, 3663, 160
11,      22.926, 4035, 176
12,      21.266, 4083, 192
13,      22.990, 4782, 208
14,      23.009, 5154, 224
15,      23.063, 5535, 240
16,      23.051, 5901, 256
17,      25.831, 7026, 272
18,      34.250, 9864, 288
19,      33.020, 10038, 304
20,      32.541, 10413, 320
21,      35.777, 12021, 336
22,      33.656, 11847, 352
23,      44.111, 16233, 368
24,      50.016, 19206, 384
25,      50.340, 20136, 400
26,      50.358, 20949, 416
27,      50.653, 21882, 432
28,      50.665, 22698, 448
29,      50.922, 23628, 464
30,      51.163, 24558, 480
31,      51.278, 25434, 496
32,      51.381, 26307, 512
33,      51.483, 27183, 528
34,      51.574, 28056, 544
35,      51.755, 28983, 560
36,      51.849, 29865, 576
37,      51.912, 30732, 592
38,      52.076, 31662, 608
39,      52.043, 32475, 624
40,      52.073, 33327, 640
41,      52.248, 34275, 656
42,      52.295, 35142, 672
43,      52.360, 36024, 688
44,      69.558, 48969, 704
45,      67.821, 48831, 720
46,      88.655, 65250, 736
47,      91.073, 68487, 752
48,      103.637, 79593, 768
49,      101.724, 79752, 784
50,      109.354, 87483, 800
51,      108.978, 88926, 816
52,      107.993, 89850, 832
53,      102.732, 87117, 848
54,      106.448, 91971, 864
55,      107.843, 94902, 880
56,      111.291, 99717, 896
57,      110.306, 100599, 912
58,      113.893, 105693, 928
59,      112.783, 106467, 944
60,      111.691, 107223, 960
61,      111.974, 109287, 976
62,      110.936, 110049, 992
63,      110.348, 111231, 1008
64,      112.600, 115302, 1024

Measure L1 cache associative ways for window: 2097152
step, latency, clocks, rounds
1,       3.375, 54, 16
2,       2.906, 93, 32
3,       2.500, 120, 48
4,       2.625, 168, 64
5,       15.713, 1257, 80
6,       17.406, 1671, 96
7,       17.705, 1983, 112
8,       17.789, 2277, 128
9,       28.542, 4110, 144
10,      29.475, 4716, 160
11,      30.136, 5304, 176
12,      50.719, 9738, 192
13,      52.284, 10875, 208
14,      52.741, 11814, 224
15,      49.725, 11934, 240
16,      50.027, 12807, 256
17,      51.121, 13905, 272
18,      51.396, 14802, 288
19,      50.941, 15486, 304
20,      51.712, 16548, 320
21,      52.241, 17553, 336
22,      52.560, 18501, 352
23,      53.372, 19641, 368
24,      51.820, 19899, 384
25,      53.085, 21234, 400
26,      52.514, 21846, 416
27,      52.590, 22719, 432
28,      52.654, 23589, 448
29,      52.726, 24465, 464
30,      53.781, 25815, 480
31,      54.308, 26937, 496
32,      53.514, 27399, 512
33,      54.665, 28863, 528
34,      54.871, 29850, 544
35,      54.541, 30543, 560
36,      54.656, 31482, 576
37,      55.480, 32844, 592
38,      56.038, 34071, 608
39,      59.034, 36837, 624
40,      55.205, 35331, 640
41,      59.177, 38820, 656
42,      56.295, 37830, 672
43,      56.468, 38850, 688
44,      56.915, 40068, 704
45,      56.396, 40605, 720
46,      56.552, 41622, 736
47,      56.677, 42621, 752
48,      56.984, 43764, 768
49,      74.024, 58035, 784
50,      72.266, 57813, 800
51,      93.846, 76578, 816
52,      94.313, 78468, 832
53,      93.170, 79008, 848
54,      91.785, 79302, 864
55,      90.303, 79467, 880
56,      104.712, 93822, 896
57,      109.681, 100029, 912
58,      129.786, 120441, 928
59,      136.761, 129102, 944
60,      137.444, 131946, 960
61,      166.091, 162105, 976
62,      164.186, 162873, 992
63,      163.137, 164442, 1008
64,      169.608, 173679, 1024

Measure L1 cache associative ways for window: 4194304
step, latency, clocks, rounds
1,       3.375, 54, 16
2,       3.000, 96, 32
3,       3.063, 147, 48
4,       3.281, 210, 64
5,       16.988, 1359, 80
6,       17.438, 1674, 96
7,       16.313, 1827, 112
8,       16.430, 2103, 128
9,       26.563, 3825, 144
10,      28.106, 4497, 160
11,      50.148, 8826, 176
12,      50.484, 9693, 192
13,      51.087, 10626, 208
14,      51.335, 11499, 224
15,      51.525, 12366, 240
16,      52.711, 13494, 256
17,      52.103, 14172, 272
18,      52.958, 15252, 288
19,      56.072, 17046, 304
20,      56.897, 18207, 320
21,      53.321, 17916, 336
22,      53.420, 18804, 352
23,      56.731, 20877, 368
24,      54.234, 20826, 384
25,      84.630, 33852, 400
26,      125.892, 52371, 416
27,      114.132, 49305, 432
28,      118.533, 53103, 448
29,      134.683, 62493, 464
30,      148.063, 71070, 480
31,      201.121, 99756, 496
32,      207.979, 106485, 512

Measure L1 cache associative ways for window: 8388608
step, latency, clocks, rounds
1,       3.188, 51, 16
2,       2.531, 81, 32
3,       3.125, 150, 48
4,       3.141, 201, 64
5,       15.713, 1257, 80
6,       17.406, 1671, 96
7,       17.679, 1980, 112
8,       17.766, 2274, 128
9,       30.354, 4371, 144
10,      54.619, 8739, 160
11,      57.528, 10125, 176
12,      53.141, 10203, 192
13,      53.236, 11073, 208
14,      53.317, 11943, 224
15,      59.188, 14205, 240
16,      56.473, 14457, 256
ways, 1K, 2K, 4K, 8K, 16K, 32K, 64K, 128K, 256K, 512K, 1M, 2M, 4M, 8M
1, 3.375, 3.188, 3.375, 3.000, 3.188, 2.625, 3.188, 3.188, 3.000, 3.375, 3.375, 3.375, 3.375, 3.188
2, 3.094, 3.188, 3.094, 2.344, 3.188, 3.000, 2.344, 2.906, 3.094, 3.000, 2.344, 2.906, 3.000, 2.531
3, 3.063, 3.063, 3.063, 3.188, 2.563, 3.063, 3.125, 2.563, 2.625, 3.063, 2.500, 2.500, 3.063, 3.125
4, 3.234, 3.188, 3.141, 3.141, 3.141, 3.141, 2.719, 2.719, 2.625, 2.719, 3.234, 2.625, 3.281, 3.141
5, 3.188, 3.188, 3.263, 3.263, 3.188, 2.737, 9.075, 8.175, 8.137, 16.650, 15.412, 15.713, 16.988, 15.713
6, 3.250, 3.250, 3.250, 3.188, 3.188, 2.656, 8.219, 8.219, 8.219, 16.781, 15.531, 17.406, 17.438, 17.406
7, 3.295, 3.268, 3.295, 3.241, 3.268, 2.759, 8.250, 8.250, 8.250, 17.170, 15.830, 17.705, 16.313, 17.679
8, 3.234, 3.281, 3.633, 3.656, 3.656, 3.117, 9.516, 8.625, 8.602, 17.063, 17.227, 17.789, 16.430, 17.766
9, 3.250, 3.292, 8.813, 9.167, 9.500, 11.604, 13.854, 13.875, 17.917, 22.708, 22.875, 28.542, 26.563, 30.354
10, 3.263, 3.300, 9.169, 9.169, 9.206, 13.894, 26.175, 26.887, 22.800, 22.781, 22.894, 29.475, 28.106, 54.619
11, 3.273, 3.290, 9.222, 9.170, 9.188, 25.585, 27.222, 26.864, 30.648, 22.756, 22.926, 30.136, 50.148, 57.528
12, 3.328, 3.297, 9.188, 9.188, 9.234, 24.078, 27.172, 27.188, 31.469, 29.188, 21.266, 50.719, 50.484, 53.141
13, 3.303, 3.332, 9.216, 9.216, 9.216, 24.173, 27.303, 25.356, 31.284, 28.543, 22.990, 52.284, 51.087, 53.236
14, 3.295, 3.268, 9.576, 9.214, 9.201, 24.348, 27.375, 25.473, 31.781, 30.656, 23.009, 52.741, 51.335, 53.317
15, 3.313, 3.513, 9.200, 9.200, 9.213, 24.488, 27.475, 25.550, 34.288, 32.663, 23.063, 49.725, 51.525, 59.188
16, 3.281, 3.504, 9.199, 9.211, 9.586, 24.609, 27.539, 25.477, 32.027, 30.633, 23.051, 50.027, 52.711, 56.473
17, 3.331, 6.452, 9.585, 9.585, 10.952, 26.625, 27.618, 27.000, 31.412, 29.989, 25.831, 51.121, 52.103
18, 3.323, 9.167, 9.208, 9.208, 12.500, 26.604, 27.656, 28.885, 31.521, 30.292, 34.250, 51.396, 52.958
19, 3.306, 9.217, 9.217, 9.602, 13.855, 24.957, 25.786, 30.651, 31.648, 30.474, 33.020, 50.941, 56.072
20, 3.431, 9.206, 9.206, 9.609, 15.113, 24.844, 27.759, 32.409, 34.041, 30.525, 32.541, 51.712, 56.897
21, 3.455, 9.232, 9.232, 9.232, 19.259, 25.125, 27.813, 34.732, 31.768, 30.143, 35.777, 52.241, 53.321
22, 3.426, 9.230, 9.222, 8.736, 24.281, 25.099, 27.852, 34.798, 31.909, 30.366, 33.656, 52.560, 53.420
23, 3.440, 9.603, 9.236, 8.364, 26.242, 26.984, 25.769, 32.478, 31.957, 32.641, 44.111, 53.372, 56.731
24, 3.430, 9.227, 9.227, 8.742, 26.344, 27.039, 25.961, 34.938, 32.047, 30.594, 50.016, 51.820, 54.234
25, 3.442, 9.225, 9.607, 8.752, 24.495, 29.258, 27.795, 32.580, 31.582, 30.255, 50.340, 53.085, 84.630
26, 3.425, 9.231, 9.231, 8.365, 24.642, 27.094, 27.966, 32.639, 31.666, 30.425, 50.358, 52.514, 125.892
27, 3.431, 9.222, 9.243, 8.743, 24.722, 27.069, 26.056, 32.660, 31.750, 30.465, 50.653, 52.590, 114.132
28, 3.422, 9.241, 9.234, 8.371, 24.783, 27.114, 27.871, 32.692, 31.734, 30.589, 50.665, 52.654, 118.533
29, 3.530, 9.239, 9.233, 8.386, 24.873, 27.175, 27.912, 35.108, 31.869, 30.349, 50.922, 52.726, 134.683
30, 3.513, 9.225, 9.225, 9.269, 24.925, 25.313, 25.981, 35.169, 31.931, 30.387, 51.163, 53.781, 148.063
31, 3.526, 9.236, 9.236, 9.266, 24.974, 25.373, 27.950, 32.788, 31.972, 30.508, 51.278, 54.308, 201.121
32, 3.516, 9.246, 9.240, 9.656, 25.031, 25.418, 27.984, 32.777, 34.342, 30.633, 51.381, 53.514, 207.979
33, 5.045, 9.233, 9.244, 9.574, 25.074, 25.369, 26.778, 32.438, 34.028, 31.517, 51.483, 54.665
34, 6.557, 9.243, 9.248, 10.059, 25.075, 25.362, 27.640, 32.493, 31.754, 33.193, 51.574, 54.871
35, 8.073, 9.236, 9.632, 10.811, 25.179, 25.452, 30.825, 32.539, 34.120, 34.693, 51.755, 54.541
36, 9.224, 9.641, 9.641, 11.677, 25.167, 25.438, 29.688, 32.542, 34.146, 36.026, 51.849, 54.656
37, 9.248, 9.233, 8.767, 12.299, 25.145, 25.465, 30.573, 32.605, 34.231, 35.995, 51.912, 55.480
38, 9.217, 9.232, 8.388, 12.770, 25.298, 25.500, 31.436, 32.635, 34.268, 36.163, 52.076, 56.038
39, 9.255, 9.250, 8.385, 13.380, 25.240, 25.538, 32.264, 32.702, 34.322, 36.236, 52.043, 59.034
40, 9.248, 9.248, 8.395, 14.105, 25.369, 25.556, 32.986, 32.747, 34.331, 53.461, 52.073, 55.205
41, 9.252, 9.247, 8.771, 16.838, 25.303, 25.591, 32.995, 32.753, 31.802, 53.922, 52.248, 59.177
42, 9.228, 9.250, 8.759, 19.094, 25.353, 25.612, 33.031, 32.799, 31.830, 54.969, 52.295, 56.295
43, 9.257, 9.235, 8.394, 23.333, 25.378, 27.480, 33.022, 32.743, 31.858, 74.760, 52.360, 56.468
44, 9.243, 9.239, 8.399, 25.653, 25.411, 25.589, 33.026, 32.749, 31.913, 83.284, 69.558, 56.915
45, 9.250, 9.250, 8.758, 24.279, 25.417, 25.596, 33.058, 32.779, 34.258, 94.721, 67.821, 56.396
46, 9.249, 9.249, 8.393, 24.192, 25.467, 25.626, 33.065, 32.817, 31.981, 90.024, 88.655, 56.552
47, 9.247, 9.235, 8.398, 24.311, 25.476, 25.640, 35.465, 32.856, 32.003, 108.056, 91.073, 56.677
48, 9.242, 9.238, 8.398, 24.262, 25.512, 25.660, 33.074, 32.855, 45.141, 115.160, 103.637, 56.984
49, 9.245, 9.245, 8.403, 24.318, 25.531, 25.684, 33.073, 32.610, 47.510, 113.216, 101.724, 74.024
50, 9.240, 9.251, 8.396, 24.371, 25.560, 25.703, 33.105, 32.655, 70.365, 109.763, 109.354, 72.266
51, 9.243, 9.243, 8.408, 24.408, 25.581, 25.732, 33.081, 32.658, 77.074, 116.191, 108.978, 93.846
52, 9.249, 9.245, 8.401, 24.447, 25.597, 25.745, 33.097, 32.654, 90.234, 115.367, 107.993, 94.313
53, 9.255, 9.244, 8.774, 24.485, 25.613, 25.769, 45.647, 32.717, 107.522, 113.363, 102.732, 93.170
54, 9.250, 9.253, 8.611, 24.528, 25.639, 25.781, 45.420, 32.729, 110.038, 114.080, 106.448, 91.785
55, 9.256, 9.252, 8.400, 24.563, 25.653, 25.725, 45.852, 35.114, 119.134, 119.925, 107.843, 90.303
56, 9.392, 9.244, 8.411, 24.606, 25.667, 25.724, 45.760, 32.735, 128.448, 118.306, 111.291, 104.712
57, 9.250, 9.247, 8.618, 24.641, 25.694, 25.753, 60.967, 32.799, 126.845, 117.063, 110.306, 109.681
58, 9.246, 9.239, 8.593, 24.682, 25.707, 25.772, 66.883, 32.838, 127.707, 120.168, 113.893, 129.786
59, 9.248, 9.251, 8.422, 24.709, 25.719, 25.773, 71.517, 47.813, 131.015, 122.234, 112.783, 136.761
60, 9.241, 9.247, 8.656, 24.738, 25.734, 25.738, 70.153, 44.941, 132.184, 121.472, 111.691, 137.444
61, 9.227, 9.252, 8.619, 26.647, 25.755, 25.755, 70.254, 44.158, 131.576, 121.057, 111.974, 166.091
62, 9.236, 9.248, 8.422, 24.744, 25.766, 25.769, 79.554, 63.097, 130.669, 122.038, 110.936, 164.186
63, 9.241, 9.253, 8.521, 24.827, 25.786, 25.789, 78.295, 65.634, 130.985, 125.107, 110.348, 163.137
64, 9.240, 9.636, 8.707, 24.858, 25.808, 25.805, 76.986, 76.011, 134.048, 125.590, 112.600, 169.608

Branch prediction penality: 0 -> 64:
 57, 54, 30, 30, 30, 30, 30, 30, 36, 33, 30, 30, 33, 30, 30, 30, 57, 54, 33, 30, 30, 33, 30, 30, 30, 33, 30, 33, 30, 33, 30, 30, 57, 57, 30, 54, 30, 30, 33, 30, 30, 30, 36, 30, 30, 27, 30, 30, 54, 30, 51, 27, 27, 30, 33, 27, 30, 30, 30, 30, 30, 27, 30, 30, 54,

Branch prediction penality: 16 -> 80:
 27, 30, 30, 30, 33, 27, 30, 33, 27, 30, 27, 33, 30, 27, 30, 30, 54, 54, 27, 27, 30, 30, 27, 27, 30, 27, 30, 33, 27, 33, 27, 33, 51, 51, 33, 27, 27, 33, 27, 30, 27, 54, 27, 30, 27, 30, 30, 27, 51, 27, 51, 51, 27, 30, 27, 30, 30, 27, 30, 27, 27, 30, 27, 30, 30,

Branch prediction penality: 0 -> 64:
 33, 30, 27, 30, 30, 27, 30, 27, 27, 30, 27, 27, 30, 27, 30, 30, 51, 33, 27, 33, 30, 30, 30, 33, 27, 33, 30, 27, 33, 30, 30, 30, 54, 30, 27, 30, 27, 27, 30, 27, 30, 30, 27, 30, 30, 27, 30, 30, 54, 27, 30, 51, 27, 30, 27, 27, 30, 27, 27, 30, 27, 27, 30, 27, 54,

Branch prediction penality: 16 -> 80:
 54, 30, 30, 30, 30, 27, 30, 30, 30, 30, 27, 33, 27, 30, 30, 30, 54, 30, 33, 27, 33, 27, 33, 30, 30, 30, 27, 27, 30, 27, 30, 30, 27, 33, 27, 51, 30, 30, 27, 27, 33, 27, 30, 27, 30, 30, 27, 30, 33, 27, 33, 27, 33, 30, 30, 30, 30, 27, 33, 27, 33, 30, 30, 30, 30,

Branch prediction penality measurement ...
only sum:            153066237
ordered: cmp + sum:  151216257
random:  cmp + sum:  258920931
zigzag 1:cmp + sum:  149655336
zigzag 2:cmp + sum:  149091594
zigzag 3:cmp + sum:  149091594
zigzag 4:cmp + sum:  146504664
Press any key to continue . . .