Real Time Clock Latency: 27
Cache miss: 186 (213 - 27)  Cache hit: 6 (33 - 27)
Instruction mul: 6 (33 - 27)
Instruction div: 12 (39 - 27)
Instruction float mul: 18 (45 - 27)
Instruction float div: 27 (54 - 27)
2 layer empty loops (8388608 * 1): 49747992 (49748019 - 27)
2 layer empty loops (4194304 * 2): 29968926 (29968953 - 27)
2 layer empty loops (2097152 * 4): 26305458 (26305485 - 27)
2 layer empty loops (1048576 * 8): 26811285 (26811312 - 27)
2 layer empty loops (524288 * 16): 30047553 (30047580 - 27)
2 layer empty loops (262144 * 32): 49940469 (49940496 - 27)
2 layer empty loops (131072 * 64): 48731631 (48731658 - 27)
2 layer empty loops (1M * 8): 26661597 (26661624 - 27)
2 layer empty loops (8 * 1M): 41074119 (41074146 - 27)
2 layer maccess loops (1M * 8): 61264542 (61264569 - 27)
2 layer maccess loops (8 * 1M): 97182510 (97182537 - 27)
3 layer empty loops (1M * 64 * 8): 460473606 (460473633 - 27)
3 layer empty loops (8 * 64 * 1M): 690272451 (690272478 - 27)
3 layer maccess loops (1M * 64 * 8): 945598269 (945598296 - 27)
3 layer maccess loops (8 * 64 * 1M): 1556611188 (1556611215 - 27)
round, BYTE, SHORT, LONG, LONGLONG
0, 189, 192, 189, 192
1, 30, 30, 30, 30
step, latency, clocks, rounds
8,       11.841797, 48504, 4096
16,      11.850586, 24270, 2048
32,      11.871094, 12156, 1024
64,      11.912109, 6099, 512
128,     11.988281, 3069, 256
256,     14.531250, 1860, 128
512,     15.234375, 975, 64
step, latency, delta, rounds
1,       6.920288, 113382, 16384
2,       6.914063, 56640, 8192
4,       6.911133, 28308, 4096
8,       6.916992, 14166, 2048
16,      6.922852, 7089, 1024
32,      6.984375, 3576, 512
64,      6.960938, 1782, 256
128,     8.953125, 1146, 128
256,     27.937500, 1788, 64
512,     28.593750, 915, 32
cache line size: 128

Measure cache hierarchy ...
1K,      3.000000, 42, 14
2K,      2.300000, 69, 30
4K,      3.193548, 198, 62
8K,      3.290323, 408, 124
16K,     3.324000, 831, 250
32K,     3.678000, 1839, 500
64K,     8.847305, 8865, 1002
128K,    9.001496, 18057, 2006
256K,    8.942451, 35895, 4014
512K,    8.744395, 70200, 8028
1024K,   8.746263, 140430, 16056
2048K,   8.747384, 280896, 32112
4096K,   13.417881, 861750, 64224
8192K,   16.579595, 2129649, 128450
16384K,  15.469303, 3974064, 256900
32768K,  15.495477, 7961607, 513802
65536K,  15.455907, 15882552, 1027604
step, latency, clocks, rounds
1K,      3.000000, 42, 16
2K,      2.300000, 69, 32
4K,      3.193548, 198, 64
8K,      3.238095, 408, 128
16K,     3.271654, 831, 256
32K,     3.605882, 1839, 512
64K,     8.674168, 8865, 1024
128K,    8.825513, 18057, 2048
256K,    8.767709, 35895, 4096
512K,    8.571429, 70200, 8192
1024K,   8.572213, 140430, 16384
2048K,   8.572789, 280896, 32768
4096K,   13.149663, 861750, 65536
8192K,   16.248180, 2129649, 131072
16384K,  15.159967, 3974064, 262144
32768K,  15.185618, 7961607, 524288
65536K,  15.146811, 15882552, 1048576

Measure L1 cache associative ways for window: 1024
step, latency, clocks, rounds
1,       2.813, 45, 16
2,       3.000, 96, 32
3,       3.188, 153, 48
4,       3.234, 207, 64
5,       3.263, 261, 80
6,       3.313, 318, 96
7,       3.295, 369, 112
8,       3.281, 420, 128
9,       3.313, 477, 144
10,      2.813, 450, 160
11,      2.778, 489, 176
12,      2.813, 540, 192
13,      2.813, 585, 208
14,      2.799, 627, 224
15,      2.813, 675, 240
16,      2.813, 720, 256
17,      2.824, 768, 272
18,      2.813, 810, 288
19,      3.306, 1005, 304
20,      3.487, 1116, 320
21,      3.339, 1122, 336
22,      3.324, 1170, 352
23,      3.334, 1227, 368
24,      3.328, 1278, 384
25,      3.330, 1332, 400
26,      3.346, 1392, 416
27,      3.333, 1440, 432
28,      3.348, 1500, 448
29,      2.922, 1356, 464
30,      2.938, 1410, 480
31,      2.921, 1449, 496
32,      3.053, 1563, 512
33,      4.494, 2373, 528
34,      6.397, 3480, 544
35,      6.916, 3873, 560
36,      6.401, 3687, 576
37,      6.603, 3909, 592
38,      6.410, 3897, 608
39,      6.567, 4098, 624
40,      6.530, 4179, 640
41,      6.727, 4413, 656
42,      6.643, 4464, 672
43,      6.693, 4605, 688
44,      6.584, 4635, 704
45,      6.567, 4728, 720
46,      6.522, 4800, 736
47,      6.610, 4971, 752
48,      6.574, 5049, 768
49,      6.585, 5163, 784
50,      6.536, 5229, 800
51,      6.592, 5379, 816
52,      6.779, 5640, 832
53,      6.849, 5808, 848
54,      6.771, 5850, 864
55,      6.822, 6003, 880
56,      6.834, 6123, 896
57,      6.895, 6288, 912
58,      6.798, 6309, 928
59,      6.849, 6465, 944
60,      6.659, 6393, 960
61,      6.550, 6393, 976
62,      6.493, 6441, 992
63,      6.557, 6609, 1008
64,      6.504, 6660, 1024

Measure L1 cache associative ways for window: 2048
step, latency, clocks, rounds
1,       2.625, 42, 16
2,       3.000, 96, 32
3,       3.063, 147, 48
4,       3.188, 204, 64
5,       3.263, 261, 80
6,       3.281, 315, 96
7,       3.241, 363, 112
8,       3.281, 420, 128
9,       3.271, 471, 144
10,      3.281, 525, 160
11,      3.324, 585, 176
12,      3.328, 639, 192
13,      3.317, 690, 208
14,      3.335, 747, 224
15,      3.500, 840, 240
16,      3.480, 891, 256
17,      6.474, 1761, 272
18,      9.229, 2658, 288
19,      10.174, 3093, 304
20,      9.225, 2952, 320
21,      8.375, 2814, 336
22,      8.361, 2943, 352
23,      8.380, 3084, 368
24,      8.383, 3219, 384
25,      9.232, 3693, 400
26,      8.380, 3486, 416
27,      8.368, 3615, 432
28,      8.384, 3756, 448
29,      8.392, 3894, 464
30,      8.394, 4029, 480
31,      8.746, 4338, 496
32,      8.754, 4482, 512
33,      8.767, 4629, 528
34,      8.757, 4764, 544
35,      8.759, 4905, 560
36,      8.760, 5046, 576
37,      8.757, 5184, 592
38,      8.768, 5331, 608
39,      8.399, 5241, 624
40,      8.766, 5610, 640
41,      8.401, 5511, 656
42,      8.402, 5646, 672
43,      9.240, 6357, 688
44,      8.676, 6108, 704
45,      8.696, 6261, 720
46,      8.698, 6402, 736
47,      8.705, 6546, 752
48,      9.480, 7281, 768
49,      9.245, 7248, 784
50,      9.251, 7401, 800
51,      8.401, 6855, 816
52,      8.394, 6984, 832
53,      8.392, 7116, 848
54,      8.399, 7257, 864
55,      8.400, 7392, 880
56,      8.397, 7524, 896
57,      8.391, 7653, 912
58,      8.402, 7797, 928
59,      8.778, 8286, 944
60,      8.400, 8064, 960
61,      8.696, 8487, 976
62,      9.079, 9006, 992
63,      9.071, 9144, 1008
64,      8.698, 8907, 1024

Measure L1 cache associative ways for window: 4096
step, latency, clocks, rounds
1,       2.813, 45, 16
2,       2.531, 81, 32
3,       3.125, 150, 48
4,       3.141, 201, 64
5,       3.263, 261, 80
6,       3.250, 312, 96
7,       3.241, 363, 112
8,       3.375, 432, 128
9,       8.604, 1239, 144
10,      9.169, 1467, 160
11,      9.188, 1617, 176
12,      9.188, 1764, 192
13,      9.216, 1917, 208
14,      9.576, 2145, 224
15,      9.575, 2298, 240
16,      9.586, 2454, 256
17,      9.585, 2607, 272
18,      9.219, 2655, 288
19,      8.368, 2544, 304
20,      8.662, 2772, 320
21,      9.045, 3039, 336
22,      8.659, 3048, 352
23,      9.253, 3405, 368
24,      9.602, 3687, 384
25,      10.185, 4074, 400
26,      8.365, 3480, 416
27,      8.736, 3774, 432
28,      8.732, 3912, 448
29,      8.741, 4056, 464
30,      8.375, 4020, 480
31,      8.685, 4308, 496
32,      8.689, 4449, 512
33,      9.057, 4782, 528
34,      9.066, 4932, 544
35,      8.695, 4869, 560
36,      8.698, 5010, 576
37,      8.686, 5142, 592
38,      9.227, 5610, 608
39,      8.394, 5238, 624
40,      8.386, 5367, 640
41,      8.396, 5508, 656
42,      8.393, 5640, 672
43,      8.769, 6033, 688
44,      8.391, 5907, 704
45,      8.396, 6045, 720
46,      8.389, 6174, 736
47,      8.402, 6318, 752
48,      8.980, 6897, 768
49,      8.633, 6768, 784
50,      8.771, 7017, 800
51,      8.654, 7062, 816
52,      8.719, 7254, 832
53,      8.621, 7311, 848
54,      8.063, 6966, 864
55,      8.349, 7347, 880
56,      8.056, 7218, 896
57,      8.253, 7527, 912
58,      8.399, 7794, 928
59,      8.418, 7947, 944
60,      8.534, 8193, 960
61,      8.548, 8343, 976
62,      8.882, 8811, 992
63,      7.758, 7820, 1008
64,      7.771, 7958, 1024

Measure L1 cache associative ways for window: 8192
step, latency, clocks, rounds
1,       1.813, 29, 16
2,       1.844, 59, 32
3,       1.958, 94, 48
4,       2.063, 132, 64
5,       2.188, 175, 80
6,       2.229, 214, 96
7,       3.268, 366, 112
8,       3.352, 429, 128
9,       7.833, 1128, 144
10,      8.287, 1326, 160
11,      8.659, 1524, 176
12,      9.547, 1833, 192
13,      9.202, 1914, 208
14,      9.563, 2142, 224
15,      9.213, 2211, 240
16,      9.211, 2358, 256
17,      9.210, 2505, 272
18,      9.208, 2652, 288
19,      9.227, 2805, 304
20,      9.206, 2946, 320
21,      8.357, 2808, 336
22,      9.051, 3186, 352
23,      8.682, 3195, 368
24,      9.219, 3540, 384
25,      9.240, 3696, 400
26,      8.380, 3486, 416
27,      8.618, 3723, 432
28,      9.482, 4248, 448
29,      8.386, 3891, 464
30,      8.425, 4044, 480
31,      8.794, 4362, 496
32,      8.432, 4317, 512
33,      11.250, 5940, 528
34,      13.252, 7209, 544
35,      19.146, 10722, 560
36,      19.734, 11367, 576
37,      23.514, 13920, 592
38,      23.822, 14484, 608
39,      24.529, 15306, 624
40,      26.348, 16863, 640
41,      26.369, 17298, 656
42,      26.366, 17718, 672
43,      26.372, 18144, 688
44,      28.351, 19959, 704
45,      26.821, 19311, 720
46,      26.319, 19371, 736
47,      26.330, 19800, 752
48,      26.324, 20217, 768
49,      26.338, 20649, 784
50,      28.613, 22890, 800
51,      26.654, 21750, 816
52,      26.657, 22179, 832
53,      26.653, 22602, 848
54,      26.368, 22782, 864
55,      26.373, 23208, 880
56,      26.384, 23640, 896
57,      26.378, 24057, 912
58,      26.318, 24423, 928
59,      26.047, 24588, 944
60,      26.056, 25014, 960
61,      25.986, 25362, 976
62,      26.335, 26124, 992
63,      26.348, 26559, 1008
64,      26.350, 26982, 1024

Measure L1 cache associative ways for window: 16384
step, latency, clocks, rounds
1,       2.438, 39, 16
2,       3.188, 102, 32
3,       3.063, 147, 48
4,       3.234, 207, 64
5,       3.225, 258, 80
6,       3.250, 312, 96
7,       3.241, 363, 112
8,       3.352, 429, 128
9,       8.354, 1203, 144
10,      9.188, 1470, 160
11,      9.205, 1620, 176
12,      9.188, 1764, 192
13,      9.202, 1914, 208
14,      9.576, 2145, 224
15,      9.213, 2211, 240
16,      9.211, 2358, 256
17,      15.860, 4314, 272
18,      17.823, 5133, 288
19,      18.819, 5721, 304
20,      25.406, 8130, 320
21,      23.429, 7872, 336
22,      24.460, 8610, 352
23,      25.084, 9231, 368
24,      27.016, 10374, 384
25,      26.633, 10653, 400
26,      27.346, 11376, 416
27,      27.243, 11769, 432
28,      27.864, 12483, 448
29,      27.349, 12690, 464
30,      27.144, 13029, 480
31,      27.012, 13398, 496
32,      27.217, 13935, 512
33,      26.523, 14004, 528
34,      26.531, 14433, 544
35,      26.529, 14856, 560
36,      26.542, 15288, 576
37,      26.539, 15711, 592
38,      26.556, 16146, 608
39,      26.543, 16563, 624
40,      26.559, 16998, 640
41,      26.556, 17421, 656
42,      26.563, 17850, 672
43,      26.560, 18273, 688
44,      28.547, 20097, 704
45,      28.475, 20502, 720
46,      28.549, 21012, 736
47,      28.552, 21471, 752
48,      26.574, 20409, 768
49,      28.565, 22395, 784
50,      28.564, 22851, 800
51,      28.566, 23310, 816
52,      28.565, 23766, 832
53,      28.571, 24228, 848
54,      28.569, 24684, 864
55,      28.575, 25146, 880
56,      28.574, 25602, 896
57,      28.582, 26067, 912
58,      28.568, 26511, 928
59,      26.596, 25107, 944
60,      26.587, 25524, 960
61,      26.597, 25959, 976
62,      26.592, 26379, 992
63,      27.167, 27384, 1008
64,      28.585, 29271, 1024

Measure L1 cache associative ways for window: 32768
step, latency, clocks, rounds
1,       3.188, 51, 16
2,       2.250, 72, 32
3,       3.188, 153, 48
4,       3.188, 204, 64
5,       3.263, 261, 80
6,       3.281, 315, 96
7,       3.268, 366, 112
8,       3.375, 432, 128
9,       23.125, 3330, 144
10,      26.400, 4224, 160
11,      25.006, 4401, 176
12,      29.094, 5586, 192
13,      28.933, 6018, 208
14,      29.009, 6498, 224
15,      28.938, 6945, 240
16,      26.941, 6897, 256
17,      27.033, 7353, 272
18,      27.000, 7776, 288
19,      29.033, 8826, 304
20,      28.959, 9267, 320
21,      27.009, 9075, 336
22,      26.676, 9390, 352
23,      26.959, 9921, 368
24,      26.977, 10359, 384
25,      27.045, 10818, 400
26,      27.065, 11259, 416
27,      28.931, 12498, 432
28,      26.525, 11883, 448
29,      26.522, 12306, 464
30,      26.956, 12939, 480
31,      26.970, 13377, 496
32,      26.936, 13791, 512
33,      26.153, 13809, 528
34,      26.184, 14244, 544
35,      26.186, 14664, 560
36,      26.208, 15096, 576
37,      26.220, 15522, 592
38,      26.230, 15948, 608
39,      26.135, 16308, 624
40,      26.166, 16746, 640
41,      26.159, 17160, 656
42,      26.188, 17598, 672
43,      26.189, 18018, 688
44,      26.199, 18444, 704
45,      26.221, 18879, 720
46,      26.213, 19293, 736
47,      26.154, 19668, 752
48,      26.148, 20082, 768
49,      26.170, 20517, 784
50,      26.171, 20937, 800
51,      26.180, 21363, 816
52,      26.124, 21735, 832
53,      28.093, 23823, 848
54,      28.108, 24285, 864
55,      28.111, 24738, 880
56,      28.118, 25194, 896
57,      28.132, 25656, 912
58,      28.131, 26106, 928
59,      26.190, 24723, 944
60,      26.184, 25137, 960
61,      26.142, 25515, 976
62,      26.153, 25944, 992
63,      26.164, 26373, 1008
64,      26.156, 26784, 1024

Measure L1 cache associative ways for window: 65536
step, latency, clocks, rounds
1,       3.188, 51, 16
2,       3.094, 99, 32
3,       3.125, 150, 48
4,       3.141, 201, 64
5,       9.075, 726, 80
6,       9.063, 870, 96
7,       9.134, 1023, 112
8,       9.492, 1215, 128
9,       21.167, 3048, 144
10,      26.738, 4278, 160
11,      24.614, 4332, 176
12,      28.813, 5532, 192
13,      29.077, 6048, 208
14,      29.076, 6513, 224
15,      27.262, 6543, 240
16,      29.250, 7488, 256
17,      27.199, 7398, 272
18,      27.177, 7827, 288
19,      27.207, 8271, 304
20,      26.953, 8625, 320
21,      26.804, 9006, 336
22,      27.111, 9543, 352
23,      27.204, 10011, 368
24,      27.242, 10461, 384
25,      27.210, 10884, 400
26,      27.180, 11307, 416
27,      28.931, 12498, 432
28,      28.862, 12930, 448
29,      28.280, 13122, 464
30,      27.488, 13194, 480
31,      27.224, 13503, 496
32,      26.889, 13767, 512
33,      27.506, 14523, 528
34,      28.539, 15525, 544
35,      29.405, 16467, 560
36,      30.401, 17511, 576
37,      31.221, 18483, 592
38,      32.053, 19488, 608
39,      32.798, 20466, 624
40,      33.577, 21489, 640
41,      33.613, 22050, 656
42,      33.621, 22593, 672
43,      33.602, 23118, 688
44,      33.609, 23661, 704
45,      33.604, 24195, 720
46,      33.632, 24753, 736
47,      33.610, 25275, 752
48,      33.617, 25818, 768
49,      33.597, 26340, 784
50,      33.593, 26874, 800
51,      33.603, 27420, 816
52,      33.602, 27957, 832
53,      33.612, 28503, 848
54,      33.611, 29040, 864
55,      33.593, 29562, 880
56,      33.616, 30120, 896
57,      46.586, 42486, 912
58,      46.173, 42849, 928
59,      45.928, 43356, 944
60,      46.388, 44532, 960
61,      45.366, 44277, 976
62,      44.785, 44427, 992
63,      57.476, 57936, 1008
64,      56.370, 57723, 1024

Measure L1 cache associative ways for window: 131072
step, latency, clocks, rounds
1,       2.813, 45, 16
2,       2.438, 78, 32
3,       3.188, 153, 48
4,       2.719, 174, 64
5,       8.175, 654, 80
6,       8.188, 786, 96
7,       8.250, 924, 112
8,       8.625, 1104, 128
9,       20.229, 2913, 144
10,      23.550, 3768, 160
11,      25.330, 4458, 176
12,      28.828, 5535, 192
13,      29.178, 6069, 208
14,      27.107, 6072, 224
15,      27.113, 6507, 240
16,      27.105, 6939, 256
17,      30.849, 8391, 272
18,      30.938, 8910, 288
19,      32.211, 9792, 304
20,      33.563, 10740, 320
21,      33.634, 11301, 336
22,      35.949, 12654, 352
23,      33.538, 12342, 368
24,      33.516, 12870, 384
25,      33.570, 13428, 400
26,      33.570, 13965, 416
27,      33.576, 14505, 432
28,      33.542, 15027, 448
29,      33.556, 15570, 464
30,      33.556, 16107, 480
31,      33.556, 16644, 496
32,      33.580, 17193, 512
33,      33.193, 17526, 528
34,      33.232, 18078, 544
35,      33.204, 18594, 560
36,      33.266, 19161, 576
37,      33.284, 19704, 592
38,      52.150, 31707, 608
39,      50.909, 31767, 624
40,      51.178, 32754, 640
41,      72.823, 47772, 656
42,      73.018, 49068, 672
43,      82.461, 56733, 688
44,      95.254, 67059, 704
45,      103.350, 74412, 720
46,      123.457, 90864, 736
47,      128.537, 96660, 752
48,      129.625, 99552, 768
49,      126.563, 99225, 784
50,      124.897, 99918, 800
51,      121.629, 99249, 816
52,      122.582, 101988, 832
53,      119.392, 101244, 848
54,      118.802, 102645, 864
55,      117.341, 103260, 880
56,      119.920, 107448, 896
57,      129.539, 118140, 912
58,      131.505, 122037, 928
59,      136.996, 129324, 944
60,      136.541, 131079, 960
61,      137.250, 133956, 976
62,      138.931, 137820, 992
63,      140.923, 142050, 1008
64,      143.868, 147321, 1024

Measure L1 cache associative ways for window: 262144
step, latency, clocks, rounds
1,       3.000, 48, 16
2,       3.094, 99, 32
3,       3.188, 153, 48
4,       3.234, 207, 64
5,       9.075, 726, 80
6,       9.063, 870, 96
7,       8.223, 921, 112
8,       8.625, 1104, 128
9,       21.938, 3159, 144
10,      31.913, 5106, 160
11,      33.648, 5922, 176
12,      35.859, 6885, 192
13,      35.856, 7458, 208
14,      33.402, 7482, 224
15,      33.425, 8022, 240
16,      33.434, 8559, 256
17,      32.713, 8898, 272
18,      32.802, 9447, 288
19,      32.822, 9978, 304
20,      32.888, 10524, 320
21,      32.893, 11052, 336
22,      32.949, 11598, 352
23,      31.753, 11685, 368
24,      32.984, 12666, 384
25,      33.000, 13200, 400
26,      33.043, 13746, 416
27,      33.035, 14271, 432
28,      33.033, 14799, 448
29,      33.078, 15348, 464
30,      33.138, 15906, 480
31,      33.085, 16410, 496
32,      33.123, 16959, 512
33,      33.051, 17451, 528
34,      33.127, 18021, 544
35,      33.145, 18561, 560
36,      33.141, 19089, 576
37,      35.600, 21075, 592
38,      35.595, 21642, 608
39,      33.221, 20730, 624
40,      33.197, 21246, 640
41,      33.224, 21795, 656
42,      33.246, 22341, 672
43,      33.292, 22905, 688
44,      33.277, 23427, 704
45,      33.263, 23949, 720
46,      51.465, 37878, 736
47,      49.520, 37239, 752
48,      72.543, 55713, 768
49,      82.167, 64419, 784
50,      97.864, 78291, 800
51,      96.335, 78609, 816
52,      112.597, 93681, 832
53,      126.754, 107487, 848
54,      128.208, 110772, 864
55,      132.842, 116901, 880
56,      133.972, 120039, 896
57,      134.961, 123084, 912
58,      132.556, 123012, 928
59,      136.974, 129303, 944
60,      138.981, 133422, 960
61,      142.107, 138696, 976
62,      142.551, 141411, 992
63,      145.646, 146811, 1008
64,      149.306, 152889, 1024

Measure L1 cache associative ways for window: 524288
step, latency, clocks, rounds
1,       3.188, 51, 16
2,       3.094, 99, 32
3,       3.188, 153, 48
4,       3.141, 201, 64
5,       16.650, 1332, 80
6,       16.750, 1608, 96
7,       17.170, 1923, 112
8,       17.063, 2184, 128
9,       21.042, 3030, 144
10,      25.350, 4056, 160
11,      27.886, 4908, 176
12,      31.234, 5997, 192
13,      32.553, 6771, 208
14,      32.719, 7329, 224
15,      32.800, 7872, 240
16,      32.754, 8385, 256
17,      32.846, 8934, 272
18,      32.938, 9486, 288
19,      32.990, 10029, 304
20,      32.916, 10533, 320
21,      35.420, 11901, 336
22,      35.463, 12483, 352
23,      35.568, 13089, 368
24,      35.469, 13620, 384
25,      35.542, 14217, 400
26,      35.611, 14814, 416
27,      35.243, 15225, 432
28,      35.551, 15927, 448
29,      33.246, 15426, 464
30,      33.288, 15978, 480
31,      33.212, 16473, 496
32,      32.936, 16863, 512
33,      34.670, 18306, 528
34,      36.044, 19608, 544
35,      40.071, 22440, 560
36,      38.771, 22332, 576
37,      42.846, 25365, 592
38,      46.609, 28338, 608
39,      50.370, 31431, 624
40,      72.684, 46518, 640
41,      99.357, 65178, 656
42,      108.857, 73152, 672
43,      106.844, 73509, 688
44,      104.045, 73248, 704
45,      104.033, 74904, 720
46,      115.154, 84753, 736
47,      138.343, 104034, 752
48,      139.754, 107331, 768
49,      160.064, 125490, 784
50,      162.615, 130092, 800
51,      168.930, 137847, 816
52,      176.434, 146793, 832
53,      173.756, 147345, 848
54,      170.986, 147732, 864
55,      172.977, 152220, 880
56,      175.862, 157572, 896
57,      175.914, 160434, 912
58,      173.796, 161283, 928
59,      173.158, 163461, 944
60,      172.544, 165642, 960
61,      172.936, 168786, 976
62,      175.467, 174063, 992
63,      179.018, 180450, 1008
64,      181.474, 185829, 1024

Measure L1 cache associative ways for window: 1048576
step, latency, clocks, rounds
1,       3.375, 54, 16
2,       2.438, 78, 32
3,       3.125, 150, 48
4,       3.234, 207, 64
5,       16.762, 1341, 80
6,       16.875, 1620, 96
7,       17.143, 1920, 112
8,       17.227, 2205, 128
9,       21.542, 3102, 144
10,      26.681, 4269, 160
11,      29.795, 5244, 176
12,      32.891, 6315, 192
13,      33.000, 6864, 208
14,      33.147, 7425, 224
15,      33.250, 7980, 240
16,      33.246, 8511, 256
17,      38.581, 10494, 272
18,      40.125, 11556, 288
19,      49.776, 15132, 304
20,      58.903, 18849, 320
21,      55.580, 18675, 336
22,      54.912, 19329, 352
23,      54.073, 19899, 368
24,      57.805, 22197, 384
25,      54.263, 21705, 400
26,      54.425, 22641, 416
27,      54.278, 23448, 432
28,      54.442, 24390, 448
29,      54.550, 25311, 464
30,      58.306, 27987, 480
31,      54.563, 27063, 496
32,      54.551, 27930, 512
33,      58.301, 30783, 528
34,      58.296, 31713, 544
35,      54.541, 30543, 560
36,      54.563, 31428, 576
37,      54.542, 32289, 592
38,      54.637, 33219, 608
39,      54.649, 34101, 624
40,      54.652, 34977, 640
41,      54.741, 35910, 656
42,      54.723, 36774, 672
43,      54.733, 37656, 688
44,      54.716, 38520, 704
45,      54.696, 39381, 720
46,      54.705, 40263, 736
47,      54.778, 41193, 752
48,      69.699, 53529, 768
49,      85.064, 66690, 784
50,      82.024, 65619, 800
51,      85.482, 69753, 816
52,      104.055, 86574, 832
53,      110.073, 93342, 848
54,      117.111, 101184, 864
55,      117.651, 103533, 880
56,      134.143, 120192, 896
57,      139.997, 127677, 912
58,      139.959, 129882, 928
59,      137.803, 130086, 944
60,      143.531, 137790, 960
61,      146.330, 142818, 976
62,      150.085, 148884, 992
63,      149.762, 150960, 1008
64,      152.631, 156294, 1024

Measure L1 cache associative ways for window: 2097152
step, latency, clocks, rounds
1,       3.563, 57, 16
2,       3.563, 114, 32
3,       3.563, 171, 48
4,       3.609, 231, 64
5,       17.363, 1389, 80
6,       17.781, 1707, 96
7,       18.027, 2019, 112
8,       18.117, 2319, 128
9,       28.875, 4158, 144
10,      56.212, 8994, 160
11,      54.511, 9594, 176
12,      52.859, 10149, 192
13,      55.514, 11547, 208
14,      55.621, 12459, 224
15,      55.813, 13395, 240
16,      56.051, 14349, 256
17,      56.835, 15459, 272
18,      57.875, 16668, 288
19,      54.799, 16659, 304
20,      55.509, 17763, 320
21,      54.813, 18417, 336
22,      55.330, 19476, 352
23,      54.253, 19965, 368
24,      58.156, 22332, 384
25,      58.313, 23325, 400
26,      58.637, 24393, 416
27,      54.896, 23715, 432
28,      55.286, 24768, 448
29,      59.502, 27609, 464
30,      55.881, 26823, 480
31,      55.639, 27597, 496
32,      55.371, 28350, 512
33,      55.756, 29439, 528
34,      56.884, 30945, 544
35,      57.048, 31947, 560
36,      56.792, 32712, 576
37,      57.370, 33963, 592
38,      58.337, 35469, 608
39,      57.798, 36066, 624
40,      57.900, 37056, 640
41,      58.088, 38106, 656
42,      57.295, 38502, 672
43,      57.462, 39534, 688
44,      58.180, 40959, 704
45,      59.487, 42831, 720
46,      57.986, 42678, 736
47,      58.125, 43710, 752
48,      58.219, 44712, 768
49,      58.297, 45705, 784
50,      73.545, 58836, 800
51,      72.371, 59055, 816
52,      72.090, 59979, 832
53,      72.796, 61731, 848
54,      91.177, 78777, 864
55,      91.425, 80454, 880
56,      99.057, 88755, 896
57,      98.964, 90255, 912
58,      105.902, 98277, 928
59,      104.647, 98787, 944
60,      108.700, 104352, 960
61,      129.913, 126795, 976
62,      163.185, 161880, 992
63,      181.060, 182508, 1008
64,      185.168, 189612, 1024

Measure L1 cache associative ways for window: 4194304
step, latency, clocks, rounds
1,       3.750, 60, 16
2,       3.563, 114, 32
3,       3.438, 165, 48
4,       3.563, 228, 64
5,       17.288, 1383, 80
6,       16.406, 1575, 96
7,       16.607, 1860, 112
8,       18.094, 2316, 128
9,       28.854, 4155, 144
10,      48.506, 7761, 160
11,      54.631, 9615, 176
12,      54.234, 10413, 192
13,      54.952, 11430, 208
14,      58.500, 13104, 224
15,      55.313, 13275, 240
16,      55.066, 14097, 256
17,      55.324, 15048, 272
18,      54.260, 15627, 288
19,      54.286, 16503, 304
20,      54.975, 17592, 320
21,      54.348, 18261, 336
22,      54.392, 19146, 352
23,      58.255, 21438, 368
24,      54.570, 20955, 384
25,      58.455, 23382, 400
26,      58.507, 24339, 416
27,      59.472, 25692, 432
28,      57.107, 25584, 448
29,      55.196, 25611, 464
30,      54.994, 26397, 480
31,      55.113, 27336, 496
32,      75.680, 38748, 512

Measure L1 cache associative ways for window: 8388608
step, latency, clocks, rounds
1,       3.750, 60, 16
2,       3.563, 114, 32
3,       3.500, 168, 48
4,       3.516, 225, 64
5,       17.400, 1392, 80
6,       17.750, 1704, 96
7,       18.027, 2019, 112
8,       20.039, 2565, 128
9,       50.000, 7200, 144
10,      57.244, 9159, 160
11,      58.313, 10263, 176
12,      57.250, 10992, 192
13,      57.317, 11922, 208
14,      57.321, 12840, 224
15,      58.388, 14013, 240
16,      58.523, 14982, 256
ways, 1K, 2K, 4K, 8K, 16K, 32K, 64K, 128K, 256K, 512K, 1M, 2M, 4M, 8M
1, 2.813, 2.625, 2.813, 1.813, 2.438, 3.188, 3.188, 2.813, 3.000, 3.188, 3.375, 3.563, 3.750, 3.750
2, 3.000, 3.000, 2.531, 1.844, 3.188, 2.250, 3.094, 2.438, 3.094, 3.094, 2.438, 3.563, 3.563, 3.563
3, 3.188, 3.063, 3.125, 1.958, 3.063, 3.188, 3.125, 3.188, 3.188, 3.188, 3.125, 3.563, 3.438, 3.500
4, 3.234, 3.188, 3.141, 2.063, 3.234, 3.188, 3.141, 2.719, 3.234, 3.141, 3.234, 3.609, 3.563, 3.516
5, 3.263, 3.263, 3.263, 2.188, 3.225, 3.263, 9.075, 8.175, 9.075, 16.650, 16.762, 17.363, 17.288, 17.400
6, 3.313, 3.281, 3.250, 2.229, 3.250, 3.281, 9.063, 8.188, 9.063, 16.750, 16.875, 17.781, 16.406, 17.750
7, 3.295, 3.241, 3.241, 3.268, 3.241, 3.268, 9.134, 8.250, 8.223, 17.170, 17.143, 18.027, 16.607, 18.027
8, 3.281, 3.281, 3.375, 3.352, 3.352, 3.375, 9.492, 8.625, 8.625, 17.063, 17.227, 18.117, 18.094, 20.039
9, 3.313, 3.271, 8.604, 7.833, 8.354, 23.125, 21.167, 20.229, 21.938, 21.042, 21.542, 28.875, 28.854, 50.000
10, 2.813, 3.281, 9.169, 8.287, 9.188, 26.400, 26.738, 23.550, 31.913, 25.350, 26.681, 56.212, 48.506, 57.244
11, 2.778, 3.324, 9.188, 8.659, 9.205, 25.006, 24.614, 25.330, 33.648, 27.886, 29.795, 54.511, 54.631, 58.313
12, 2.813, 3.328, 9.188, 9.547, 9.188, 29.094, 28.813, 28.828, 35.859, 31.234, 32.891, 52.859, 54.234, 57.250
13, 2.813, 3.317, 9.216, 9.202, 9.202, 28.933, 29.077, 29.178, 35.856, 32.553, 33.000, 55.514, 54.952, 57.317
14, 2.799, 3.335, 9.576, 9.563, 9.576, 29.009, 29.076, 27.107, 33.402, 32.719, 33.147, 55.621, 58.500, 57.321
15, 2.813, 3.500, 9.575, 9.213, 9.213, 28.938, 27.262, 27.113, 33.425, 32.800, 33.250, 55.813, 55.313, 58.388
16, 2.813, 3.480, 9.586, 9.211, 9.211, 26.941, 29.250, 27.105, 33.434, 32.754, 33.246, 56.051, 55.066, 58.523
17, 2.824, 6.474, 9.585, 9.210, 15.860, 27.033, 27.199, 30.849, 32.713, 32.846, 38.581, 56.835, 55.324
18, 2.813, 9.229, 9.219, 9.208, 17.823, 27.000, 27.177, 30.938, 32.802, 32.938, 40.125, 57.875, 54.260
19, 3.306, 10.174, 8.368, 9.227, 18.819, 29.033, 27.207, 32.211, 32.822, 32.990, 49.776, 54.799, 54.286
20, 3.487, 9.225, 8.662, 9.206, 25.406, 28.959, 26.953, 33.563, 32.888, 32.916, 58.903, 55.509, 54.975
21, 3.339, 8.375, 9.045, 8.357, 23.429, 27.009, 26.804, 33.634, 32.893, 35.420, 55.580, 54.813, 54.348
22, 3.324, 8.361, 8.659, 9.051, 24.460, 26.676, 27.111, 35.949, 32.949, 35.463, 54.912, 55.330, 54.392
23, 3.334, 8.380, 9.253, 8.682, 25.084, 26.959, 27.204, 33.538, 31.753, 35.568, 54.073, 54.253, 58.255
24, 3.328, 8.383, 9.602, 9.219, 27.016, 26.977, 27.242, 33.516, 32.984, 35.469, 57.805, 58.156, 54.570
25, 3.330, 9.232, 10.185, 9.240, 26.633, 27.045, 27.210, 33.570, 33.000, 35.542, 54.263, 58.313, 58.455
26, 3.346, 8.380, 8.365, 8.380, 27.346, 27.065, 27.180, 33.570, 33.043, 35.611, 54.425, 58.637, 58.507
27, 3.333, 8.368, 8.736, 8.618, 27.243, 28.931, 28.931, 33.576, 33.035, 35.243, 54.278, 54.896, 59.472
28, 3.348, 8.384, 8.732, 9.482, 27.864, 26.525, 28.862, 33.542, 33.033, 35.551, 54.442, 55.286, 57.107
29, 2.922, 8.392, 8.741, 8.386, 27.349, 26.522, 28.280, 33.556, 33.078, 33.246, 54.550, 59.502, 55.196
30, 2.938, 8.394, 8.375, 8.425, 27.144, 26.956, 27.488, 33.556, 33.138, 33.288, 58.306, 55.881, 54.994
31, 2.921, 8.746, 8.685, 8.794, 27.012, 26.970, 27.224, 33.556, 33.085, 33.212, 54.563, 55.639, 55.113
32, 3.053, 8.754, 8.689, 8.432, 27.217, 26.936, 26.889, 33.580, 33.123, 32.936, 54.551, 55.371, 75.680
33, 4.494, 8.767, 9.057, 11.250, 26.523, 26.153, 27.506, 33.193, 33.051, 34.670, 58.301, 55.756
34, 6.397, 8.757, 9.066, 13.252, 26.531, 26.184, 28.539, 33.232, 33.127, 36.044, 58.296, 56.884
35, 6.916, 8.759, 8.695, 19.146, 26.529, 26.186, 29.405, 33.204, 33.145, 40.071, 54.541, 57.048
36, 6.401, 8.760, 8.698, 19.734, 26.542, 26.208, 30.401, 33.266, 33.141, 38.771, 54.563, 56.792
37, 6.603, 8.757, 8.686, 23.514, 26.539, 26.220, 31.221, 33.284, 35.600, 42.846, 54.542, 57.370
38, 6.410, 8.768, 9.227, 23.822, 26.556, 26.230, 32.053, 52.150, 35.595, 46.609, 54.637, 58.337
39, 6.567, 8.399, 8.394, 24.529, 26.543, 26.135, 32.798, 50.909, 33.221, 50.370, 54.649, 57.798
40, 6.530, 8.766, 8.386, 26.348, 26.559, 26.166, 33.577, 51.178, 33.197, 72.684, 54.652, 57.900
41, 6.727, 8.401, 8.396, 26.369, 26.556, 26.159, 33.613, 72.823, 33.224, 99.357, 54.741, 58.088
42, 6.643, 8.402, 8.393, 26.366, 26.563, 26.188, 33.621, 73.018, 33.246, 108.857, 54.723, 57.295
43, 6.693, 9.240, 8.769, 26.372, 26.560, 26.189, 33.602, 82.461, 33.292, 106.844, 54.733, 57.462
44, 6.584, 8.676, 8.391, 28.351, 28.547, 26.199, 33.609, 95.254, 33.277, 104.045, 54.716, 58.180
45, 6.567, 8.696, 8.396, 26.821, 28.475, 26.221, 33.604, 103.350, 33.263, 104.033, 54.696, 59.487
46, 6.522, 8.698, 8.389, 26.319, 28.549, 26.213, 33.632, 123.457, 51.465, 115.154, 54.705, 57.986
47, 6.610, 8.705, 8.402, 26.330, 28.552, 26.154, 33.610, 128.537, 49.520, 138.343, 54.778, 58.125
48, 6.574, 9.480, 8.980, 26.324, 26.574, 26.148, 33.617, 129.625, 72.543, 139.754, 69.699, 58.219
49, 6.585, 9.245, 8.633, 26.338, 28.565, 26.170, 33.597, 126.563, 82.167, 160.064, 85.064, 58.297
50, 6.536, 9.251, 8.771, 28.613, 28.564, 26.171, 33.593, 124.897, 97.864, 162.615, 82.024, 73.545
51, 6.592, 8.401, 8.654, 26.654, 28.566, 26.180, 33.603, 121.629, 96.335, 168.930, 85.482, 72.371
52, 6.779, 8.394, 8.719, 26.657, 28.565, 26.124, 33.602, 122.582, 112.597, 176.434, 104.055, 72.090
53, 6.849, 8.392, 8.621, 26.653, 28.571, 28.093, 33.612, 119.392, 126.754, 173.756, 110.073, 72.796
54, 6.771, 8.399, 8.063, 26.368, 28.569, 28.108, 33.611, 118.802, 128.208, 170.986, 117.111, 91.177
55, 6.822, 8.400, 8.349, 26.373, 28.575, 28.111, 33.593, 117.341, 132.842, 172.977, 117.651, 91.425
56, 6.834, 8.397, 8.056, 26.384, 28.574, 28.118, 33.616, 119.920, 133.972, 175.862, 134.143, 99.057
57, 6.895, 8.391, 8.253, 26.378, 28.582, 28.132, 46.586, 129.539, 134.961, 175.914, 139.997, 98.964
58, 6.798, 8.402, 8.399, 26.318, 28.568, 28.131, 46.173, 131.505, 132.556, 173.796, 139.959, 105.902
59, 6.849, 8.778, 8.418, 26.047, 26.596, 26.190, 45.928, 136.996, 136.974, 173.158, 137.803, 104.647
60, 6.659, 8.400, 8.534, 26.056, 26.587, 26.184, 46.388, 136.541, 138.981, 172.544, 143.531, 108.700
61, 6.550, 8.696, 8.548, 25.986, 26.597, 26.142, 45.366, 137.250, 142.107, 172.936, 146.330, 129.913
62, 6.493, 9.079, 8.882, 26.335, 26.592, 26.153, 44.785, 138.931, 142.551, 175.467, 150.085, 163.185
63, 6.557, 9.071, 7.758, 26.348, 27.167, 26.164, 57.476, 140.923, 145.646, 179.018, 149.762, 181.060
64, 6.504, 8.698, 7.771, 26.350, 28.585, 26.156, 56.370, 143.868, 149.306, 181.474, 152.631, 185.168

Branch prediction penality: 0 -> 64:
 57, 54, 30, 30, 30, 30, 30, 30, 33, 30, 30, 30, 30, 30, 30, 30, 60, 54, 30, 30, 30, 33, 30, 30, 30, 30, 30, 30, 30, 30, 30, 30, 54, 57, 30, 30, 30, 30, 30, 30, 33, 30, 30, 30, 30, 30, 30, 30, 60, 30, 54, 30, 36, 30, 33, 30, 33, 30, 36, 30, 33, 30, 30, 33, 60,

Branch prediction penality: 16 -> 80:
 30, 33, 33, 30, 30, 30, 33, 30, 30, 30, 30, 30, 33, 27, 33, 27, 54, 54, 27, 30, 30, 27, 30, 30, 27, 30, 27, 27, 30, 27, 27, 30, 51, 54, 51, 33, 30, 30, 30, 30, 33, 30, 27, 33, 30, 30, 30, 30, 54, 33, 54, 54, 30, 33, 30, 30, 33, 30, 33, 33, 30, 33, 30, 27, 51,

Branch prediction penality: 0 -> 64:
 30, 27, 33, 33, 27, 30, 27, 30, 33, 30, 30, 30, 27, 30, 30, 27, 30, 33, 27, 54, 30, 30, 33, 27, 33, 30, 30, 30, 33, 27, 33, 30, 54, 30, 30, 30, 27, 30, 27, 27, 30, 27, 27, 30, 27, 30, 30, 27, 54, 27, 33, 30, 30, 30, 33, 27, 33, 51, 30, 30, 27, 30, 27, 27, 51,

Branch prediction penality: 16 -> 80:
 51, 33, 30, 27, 30, 30, 30, 33, 27, 33, 27, 33, 30, 30, 30, 30, 54, 30, 30, 27, 27, 30, 27, 30, 30, 27, 30, 30, 27, 30, 30, 27, 51, 33, 33, 27, 30, 30, 30, 33, 27, 33, 27, 33, 30, 30, 30, 30, 33, 33, 30, 33, 33, 30, 33, 33, 30, 33, 33, 30, 33, 30, 30, 33, 30,

Branch prediction penality measurement ...
only sum:             52777923
ordered: cmp + sum:   57180936
random:  cmp + sum:  131061753
zigzag 1:cmp + sum:   49922775
zigzag 2:cmp + sum:   50067795
zigzag 3:cmp + sum:   50067795
zigzag 4:cmp + sum:   53587557
Press any key to continue . . .